track_id,lost_frame,found_frame,gap_duration_frames,gap_duration_seconds
10,6,7,1,0.03333333333333333
10,10,11,1,0.03333333333333333
10,14,16,2,0.06666666666666667
10,41,43,2,0.06666666666666667
10,58,59,1,0.03333333333333333
10,193,195,2,0.06666666666666667
8,10,18,8,0.26666666666666666
8,21,22,1,0.03333333333333333
13,18,19,1,0.03333333333333333
13,20,23,3,0.1
13,24,31,7,0.23333333333333334
13,32,255,223,7.433333333333334
13,265,268,3,0.1
13,270,276,6,0.2
13,277,306,29,0.9666666666666667
13,307,686,379,12.633333333333333
13,687,688,1,0.03333333333333333
13,689,701,12,0.4
13,723,883,160,5.333333333333333
13,884,885,1,0.03333333333333333
12,18,20,2,0.06666666666666667
5,23,34,11,0.36666666666666664
5,45,47,2,0.06666666666666667
26,32,45,13,0.43333333333333335
28,74,75,1,0.03333333333333333
28,83,86,3,0.1
28,88,90,2,0.06666666666666667
28,111,114,3,0.1
28,116,122,6,0.2
28,133,136,3,0.1
28,138,140,2,0.06666666666666667
28,143,146,3,0.1
28,147,148,1,0.03333333333333333
28,150,152,2,0.06666666666666667
28,155,159,4,0.13333333333333333
28,161,166,5,0.16666666666666666
28,184,188,4,0.13333333333333333
28,193,195,2,0.06666666666666667
28,235,236,1,0.03333333333333333
28,259,260,1,0.03333333333333333
9,95,96,1,0.03333333333333333
51,151,155,4,0.13333333333333333
11,154,161,7,0.23333333333333334
11,162,163,1,0.03333333333333333
11,296,298,2,0.06666666666666667
11,1009,1010,1,0.03333333333333333
11,1015,1021,6,0.2
11,1026,1027,1,0.03333333333333333
11,1045,1047,2,0.06666666666666667
11,1369,1372,3,0.1
76,198,199,1,0.03333333333333333
71,208,209,1,0.03333333333333333
71,238,239,1,0.03333333333333333
71,244,245,1,0.03333333333333333
71,247,338,91,3.033333333333333
71,399,401,2,0.06666666666666667
108,252,255,3,0.1
109,261,263,2,0.06666666666666667
109,356,361,5,0.16666666666666666
109,365,371,6,0.2
109,372,377,5,0.16666666666666666
109,379,380,1,0.03333333333333333
109,390,391,1,0.03333333333333333
97,263,264,1,0.03333333333333333
97,267,269,2,0.06666666666666667
97,308,312,4,0.13333333333333333
132,334,335,1,0.03333333333333333
132,342,343,1,0.03333333333333333
132,346,348,2,0.06666666666666667
147,386,387,1,0.03333333333333333
147,388,389,1,0.03333333333333333
147,397,399,2,0.06666666666666667
111,401,402,1,0.03333333333333333
151,407,408,1,0.03333333333333333
6,457,459,2,0.06666666666666667
6,486,488,2,0.06666666666666667
155,456,460,4,0.13333333333333333
188,501,504,3,0.1
188,505,507,2,0.06666666666666667
188,562,564,2,0.06666666666666667
188,585,586,1,0.03333333333333333
3,534,536,2,0.06666666666666667
3,545,554,9,0.3
3,1539,1540,1,0.03333333333333333
3,3509,3510,1,0.03333333333333333
3,3512,3514,2,0.06666666666666667
3,7262,7265,3,0.1
177,534,541,7,0.23333333333333334
149,557,558,1,0.03333333333333333
179,595,602,7,0.23333333333333334
179,603,617,14,0.4666666666666667
179,618,619,1,0.03333333333333333
179,644,649,5,0.16666666666666666
179,650,651,1,0.03333333333333333
161,631,633,2,0.06666666666666667
161,651,653,2,0.06666666666666667
161,663,665,2,0.06666666666666667
161,666,667,1,0.03333333333333333
161,674,675,1,0.03333333333333333
258,662,672,10,0.3333333333333333
258,673,674,1,0.03333333333333333
301,751,757,6,0.2
197,842,843,1,0.03333333333333333
197,857,858,1,0.03333333333333333
197,896,898,2,0.06666666666666667
197,903,907,4,0.13333333333333333
197,912,913,1,0.03333333333333333
325,866,871,5,0.16666666666666666
325,874,875,1,0.03333333333333333
325,876,882,6,0.2
325,886,887,1,0.03333333333333333
325,942,943,1,0.03333333333333333
325,983,985,2,0.06666666666666667
334,914,916,2,0.06666666666666667
334,918,919,1,0.03333333333333333
334,924,926,2,0.06666666666666667
334,929,932,3,0.1
334,935,936,1,0.03333333333333333
334,939,943,4,0.13333333333333333
334,948,954,6,0.2
334,958,985,27,0.9
363,938,940,2,0.06666666666666667
363,947,949,2,0.06666666666666667
363,950,951,1,0.03333333333333333
363,953,954,1,0.03333333333333333
363,961,962,1,0.03333333333333333
363,972,973,1,0.03333333333333333
359,940,942,2,0.06666666666666667
359,943,946,3,0.1
352,931,948,17,0.5666666666666667
352,951,960,9,0.3
352,964,968,4,0.13333333333333333
352,985,988,3,0.1
385,982,983,1,0.03333333333333333
385,1046,1047,1,0.03333333333333333
378,1000,1005,5,0.16666666666666666
378,1013,1014,1,0.03333333333333333
378,1015,1018,3,0.1
378,1023,1024,1,0.03333333333333333
378,1214,1215,1,0.03333333333333333
400,1003,1006,3,0.1
400,1122,1123,1,0.03333333333333333
395,1007,1008,1,0.03333333333333333
395,1010,1011,1,0.03333333333333333
395,1018,1019,1,0.03333333333333333
395,1134,1140,6,0.2
431,1034,1035,1,0.03333333333333333
431,1036,1043,7,0.23333333333333334
422,1040,1042,2,0.06666666666666667
434,1038,1043,5,0.16666666666666666
434,1046,1052,6,0.2
434,1054,1058,4,0.13333333333333333
392,1066,1070,4,0.13333333333333333
392,1076,1078,2,0.06666666666666667
441,1094,1095,1,0.03333333333333333
441,1103,1106,3,0.1
458,1119,1120,1,0.03333333333333333
458,1171,1172,1,0.03333333333333333
458,1173,1175,2,0.06666666666666667
458,1243,1246,3,0.1
458,1247,1248,1,0.03333333333333333
355,1123,1124,1,0.03333333333333333
463,1136,1138,2,0.06666666666666667
463,1140,1149,9,0.3
463,1152,1153,1,0.03333333333333333
463,1171,1172,1,0.03333333333333333
463,1195,1196,1,0.03333333333333333
463,1204,1207,3,0.1
463,1212,1216,4,0.13333333333333333
463,1381,1382,1,0.03333333333333333
463,1383,1384,1,0.03333333333333333
474,1184,1186,2,0.06666666666666667
485,1208,1209,1,0.03333333333333333
485,1211,1236,25,0.8333333333333334
485,1239,1260,21,0.7
485,1261,1265,4,0.13333333333333333
492,1228,1230,2,0.06666666666666667
492,1231,1239,8,0.26666666666666666
492,1248,1251,3,0.1
492,1255,1256,1,0.03333333333333333
492,1259,1261,2,0.06666666666666667
492,1263,1264,1,0.03333333333333333
535,1399,1405,6,0.2
512,1405,1406,1,0.03333333333333333
512,1422,1424,2,0.06666666666666667
539,1418,1419,1,0.03333333333333333
539,1421,1448,27,0.9
539,1453,1778,325,10.833333333333334
539,1780,1825,45,1.5
539,1832,1833,1,0.03333333333333333
539,1836,1840,4,0.13333333333333333
539,1841,2000,159,5.3
539,2010,2011,1,0.03333333333333333
539,2012,2013,1,0.03333333333333333
539,2018,2020,2,0.06666666666666667
539,2025,2073,48,1.6
539,2074,2076,2,0.06666666666666667
539,2081,2088,7,0.23333333333333334
539,2150,2201,51,1.7
539,2202,2204,2,0.06666666666666667
539,2215,2245,30,1.0
539,2246,2248,2,0.06666666666666667
539,2251,2263,12,0.4
539,2280,2281,1,0.03333333333333333
539,2282,2285,3,0.1
539,2287,2294,7,0.23333333333333334
539,2297,2301,4,0.13333333333333333
539,2302,2392,90,3.0
539,2398,2433,35,1.1666666666666667
539,2440,2441,1,0.03333333333333333
539,2444,2446,2,0.06666666666666667
539,2449,2496,47,1.5666666666666667
539,2497,2582,85,2.8333333333333335
539,2589,2592,3,0.1
539,2638,2654,16,0.5333333333333333
539,2658,2660,2,0.06666666666666667
539,2745,2802,57,1.9
539,2810,2844,34,1.1333333333333333
539,2845,2846,1,0.03333333333333333
539,2849,2864,15,0.5
539,2875,2876,1,0.03333333333333333
539,2888,2898,10,0.3333333333333333
539,2904,2923,19,0.6333333333333333
539,2925,2929,4,0.13333333333333333
539,2934,2935,1,0.03333333333333333
539,2937,2946,9,0.3
539,2951,2961,10,0.3333333333333333
539,2965,3017,52,1.7333333333333334
539,3027,3029,2,0.06666666666666667
539,3036,3061,25,0.8333333333333334
539,3066,3077,11,0.36666666666666664
539,3078,3081,3,0.1
539,3085,3104,19,0.6333333333333333
539,3106,3114,8,0.26666666666666666
539,3122,3169,47,1.5666666666666667
539,3170,3231,61,2.033333333333333
539,3238,3240,2,0.06666666666666667
539,3241,3243,2,0.06666666666666667
539,3283,3300,17,0.5666666666666667
539,3307,3310,3,0.1
539,3312,3313,1,0.03333333333333333
539,3320,3322,2,0.06666666666666667
539,3323,3325,2,0.06666666666666667
539,3326,3328,2,0.06666666666666667
539,3336,3360,24,0.8
539,3361,3509,148,4.933333333333334
539,3521,3990,469,15.633333333333333
539,3992,3994,2,0.06666666666666667
539,3995,3997,2,0.06666666666666667
539,3999,4001,2,0.06666666666666667
539,4005,4006,1,0.03333333333333333
539,4016,4017,1,0.03333333333333333
539,4018,4020,2,0.06666666666666667
539,4023,4025,2,0.06666666666666667
539,4035,4849,814,27.133333333333333
539,4852,4854,2,0.06666666666666667
539,4877,4884,7,0.23333333333333334
539,4885,4886,1,0.03333333333333333
539,4888,4892,4,0.13333333333333333
539,4893,4910,17,0.5666666666666667
539,4915,4924,9,0.3
539,4926,4927,1,0.03333333333333333
539,4945,5027,82,2.7333333333333334
539,5028,5029,1,0.03333333333333333
539,5034,5035,1,0.03333333333333333
539,5039,5051,12,0.4
539,5083,5085,2,0.06666666666666667
539,5086,5098,12,0.4
539,5113,5114,1,0.03333333333333333
539,5123,5125,2,0.06666666666666667
539,5133,5141,8,0.26666666666666666
539,5142,5157,15,0.5
539,5160,5163,3,0.1
539,5167,5263,96,3.2
539,5264,5270,6,0.2
539,5299,5323,24,0.8
539,5446,5447,1,0.03333333333333333
539,5449,5451,2,0.06666666666666667
539,5490,5491,1,0.03333333333333333
539,5496,5501,5,0.16666666666666666
539,5502,5503,1,0.03333333333333333
539,5506,5522,16,0.5333333333333333
539,5525,5531,6,0.2
539,5536,5537,1,0.03333333333333333
539,5539,5542,3,0.1
539,5553,5557,4,0.13333333333333333
539,5562,5572,10,0.3333333333333333
539,5574,5602,28,0.9333333333333333
539,5603,5604,1,0.03333333333333333
539,5621,5624,3,0.1
539,5625,5649,24,0.8
539,5653,5654,1,0.03333333333333333
539,5658,5660,2,0.06666666666666667
539,5661,5681,20,0.6666666666666666
539,5689,5695,6,0.2
539,5698,5708,10,0.3333333333333333
539,5709,5737,28,0.9333333333333333
539,5740,5765,25,0.8333333333333334
539,5770,5776,6,0.2
539,5778,5813,35,1.1666666666666667
539,5854,5856,2,0.06666666666666667
539,5857,5859,2,0.06666666666666667
539,5862,5867,5,0.16666666666666666
539,5878,6371,493,16.433333333333334
539,6373,6374,1,0.03333333333333333
539,6375,6376,1,0.03333333333333333
539,6377,6379,2,0.06666666666666667
539,6393,6463,70,2.3333333333333335
539,6468,6469,1,0.03333333333333333
539,6471,6591,120,4.0
539,6592,6661,69,2.3
539,6676,6678,2,0.06666666666666667
539,6687,6691,4,0.13333333333333333
539,6693,6714,21,0.7
539,6717,6718,1,0.03333333333333333
539,6826,6827,1,0.03333333333333333
539,6838,6841,3,0.1
539,6942,6943,1,0.03333333333333333
539,7133,7137,4,0.13333333333333333
539,7138,7141,3,0.1
539,7142,7144,2,0.06666666666666667
539,7145,7149,4,0.13333333333333333
539,7151,7191,40,1.3333333333333333
539,7201,7206,5,0.16666666666666666
539,7207,7215,8,0.26666666666666666
539,7239,7241,2,0.06666666666666667
539,7248,7250,2,0.06666666666666667
539,7258,7269,11,0.36666666666666664
539,7282,7289,7,0.23333333333333334
539,7309,7312,3,0.1
539,7330,7331,1,0.03333333333333333
539,7338,7370,32,1.0666666666666667
539,7373,7374,1,0.03333333333333333
539,7376,7457,81,2.7
539,7461,7462,1,0.03333333333333333
539,7560,7564,4,0.13333333333333333
539,7566,7567,1,0.03333333333333333
539,7568,7573,5,0.16666666666666666
539,7574,7577,3,0.1
539,7704,7706,2,0.06666666666666667
539,7708,7710,2,0.06666666666666667
539,7714,7725,11,0.36666666666666664
539,7728,7737,9,0.3
539,7738,7745,7,0.23333333333333334
539,7902,7921,19,0.6333333333333333
539,7927,7928,1,0.03333333333333333
539,7944,8023,79,2.6333333333333333
539,8160,8161,1,0.03333333333333333
539,8181,8197,16,0.5333333333333333
539,8201,8203,2,0.06666666666666667
539,8209,8212,3,0.1
539,8218,8220,2,0.06666666666666667
539,8223,8225,2,0.06666666666666667
539,8233,8234,1,0.03333333333333333
539,8326,8329,3,0.1
539,8357,8399,42,1.4
539,8454,8458,4,0.13333333333333333
539,8483,8501,18,0.6
539,8510,8511,1,0.03333333333333333
539,8541,8693,152,5.066666666666666
539,8694,8696,2,0.06666666666666667
539,8697,8764,67,2.2333333333333334
539,8784,8786,2,0.06666666666666667
539,8788,8804,16,0.5333333333333333
539,8808,8809,1,0.03333333333333333
539,8813,8814,1,0.03333333333333333
539,8816,8820,4,0.13333333333333333
539,8821,8822,1,0.03333333333333333
539,8835,8838,3,0.1
539,8843,8849,6,0.2
539,8870,8897,27,0.9
539,8898,8902,4,0.13333333333333333
539,8903,8905,2,0.06666666666666667
539,8906,8907,1,0.03333333333333333
539,8910,8914,4,0.13333333333333333
539,9009,9010,1,0.03333333333333333
539,9065,9067,2,0.06666666666666667
539,9070,9071,1,0.03333333333333333
539,9089,9239,150,5.0
539,9317,9341,24,0.8
539,9342,9344,2,0.06666666666666667
539,9349,9800,451,15.033333333333333
539,9811,9823,12,0.4
539,9836,9837,1,0.03333333333333333
539,9840,10078,238,7.933333333333334
539,10091,10092,1,0.03333333333333333
539,10093,10095,2,0.06666666666666667
539,10096,10097,1,0.03333333333333333
539,10099,10100,1,0.03333333333333333
539,10103,10105,2,0.06666666666666667
539,10123,10188,65,2.1666666666666665
539,10189,10190,1,0.03333333333333333
539,10192,10193,1,0.03333333333333333
539,10196,10199,3,0.1
539,10208,10210,2,0.06666666666666667
539,10227,10231,4,0.13333333333333333
539,10237,10252,15,0.5
539,10259,10261,2,0.06666666666666667
539,10267,10272,5,0.16666666666666666
539,10274,10425,151,5.033333333333333
539,10426,10429,3,0.1
539,10434,10435,1,0.03333333333333333
539,10454,10456,2,0.06666666666666667
539,10589,10605,16,0.5333333333333333
539,10612,10613,1,0.03333333333333333
539,10614,10617,3,0.1
539,11056,11058,2,0.06666666666666667
539,11166,11167,1,0.03333333333333333
539,11168,11169,1,0.03333333333333333
539,11208,11212,4,0.13333333333333333
539,11216,11221,5,0.16666666666666666
539,11286,11290,4,0.13333333333333333
539,11431,11433,2,0.06666666666666667
539,11780,11781,1,0.03333333333333333
539,11782,11803,21,0.7
539,11847,11849,2,0.06666666666666667
539,11851,11852,1,0.03333333333333333
539,11853,11860,7,0.23333333333333334
539,12050,12051,1,0.03333333333333333
539,12053,12055,2,0.06666666666666667
539,12057,12065,8,0.26666666666666666
539,12228,12239,11,0.36666666666666664
539,12851,12852,1,0.03333333333333333
539,12884,12885,1,0.03333333333333333
539,12911,12918,7,0.23333333333333334
539,12930,12931,1,0.03333333333333333
539,12932,12967,35,1.1666666666666667
539,12972,12990,18,0.6
555,1440,1442,2,0.06666666666666667
555,1444,1445,1,0.03333333333333333
555,1446,1451,5,0.16666666666666666
555,1476,1489,13,0.43333333333333335
555,1490,1491,1,0.03333333333333333
561,1445,1446,1,0.03333333333333333
561,1510,1511,1,0.03333333333333333
540,1472,1473,1,0.03333333333333333
567,1474,1480,6,0.2
567,4284,4285,1,0.03333333333333333
567,4365,4366,1,0.03333333333333333
567,4367,4373,6,0.2
567,4437,4466,29,0.9666666666666667
567,4468,4482,14,0.4666666666666667
567,4534,4537,3,0.1
567,4703,4704,1,0.03333333333333333
567,4754,4756,2,0.06666666666666667
567,8942,8944,2,0.06666666666666667
567,8947,8951,4,0.13333333333333333
567,10189,10197,8,0.26666666666666666
567,10200,10201,1,0.03333333333333333
567,10242,10249,7,0.23333333333333334
567,10276,10280,4,0.13333333333333333
571,1484,1486,2,0.06666666666666667
571,1487,1489,2,0.06666666666666667
571,1496,1514,18,0.6
571,1518,1519,1,0.03333333333333333
571,1526,1531,5,0.16666666666666666
571,1532,1535,3,0.1
571,1536,1539,3,0.1
571,1540,1542,2,0.06666666666666667
571,1555,1562,7,0.23333333333333334
571,1583,1585,2,0.06666666666666667
571,1587,1589,2,0.06666666666666667
571,1619,1621,2,0.06666666666666667
571,1622,1623,1,0.03333333333333333
594,1499,1503,4,0.13333333333333333
594,1504,1506,2,0.06666666666666667
606,1514,1522,8,0.26666666666666666
606,1523,1527,4,0.13333333333333333
606,1538,1539,1,0.03333333333333333
606,1542,1543,1,0.03333333333333333
606,1550,1554,4,0.13333333333333333
606,1555,1561,6,0.2
606,1564,1566,2,0.06666666666666667
606,1571,1579,8,0.26666666666666666
606,1580,1582,2,0.06666666666666667
606,1583,1589,6,0.2
606,1591,1598,7,0.23333333333333334
602,1523,1524,1,0.03333333333333333
553,1490,1524,34,1.1333333333333333
543,1546,1549,3,0.1
543,1555,1556,1,0.03333333333333333
543,1560,1562,2,0.06666666666666667
620,1549,1550,1,0.03333333333333333
620,1556,1563,7,0.23333333333333334
649,1684,1685,1,0.03333333333333333
682,1693,1694,1,0.03333333333333333
682,1695,1698,3,0.1
682,1700,1703,3,0.1
682,1707,1708,1,0.03333333333333333
682,1712,1714,2,0.06666666666666667
682,1723,1724,1,0.03333333333333333
682,1726,1727,1,0.03333333333333333
682,1728,1729,1,0.03333333333333333
707,1747,1748,1,0.03333333333333333
715,1748,1749,1,0.03333333333333333
715,1761,1763,2,0.06666666666666667
708,1780,1789,9,0.3
729,1884,1885,1,0.03333333333333333
729,1888,1892,4,0.13333333333333333
732,1888,1889,1,0.03333333333333333
732,1892,1893,1,0.03333333333333333
732,1953,1955,2,0.06666666666666667
732,1956,1957,1,0.03333333333333333
767,1901,1902,1,0.03333333333333333
800,1939,1944,5,0.16666666666666666
714,1952,1953,1,0.03333333333333333
714,1955,1956,1,0.03333333333333333
792,1969,1972,3,0.1
835,2016,2032,16,0.5333333333333333
835,2036,2040,4,0.13333333333333333
835,2042,2045,3,0.1
835,2046,2047,1,0.03333333333333333
835,2048,2049,1,0.03333333333333333
835,2050,2053,3,0.1
835,2057,2061,4,0.13333333333333333
835,2090,2094,4,0.13333333333333333
835,2122,2124,2,0.06666666666666667
834,2068,2073,5,0.16666666666666666
834,2074,2076,2,0.06666666666666667
863,2158,2160,2,0.06666666666666667
863,2229,2230,1,0.03333333333333333
896,2285,2286,1,0.03333333333333333
896,2287,2296,9,0.3
896,2297,2299,2,0.06666666666666667
896,2304,2308,4,0.13333333333333333
896,2337,2338,1,0.03333333333333333
904,2330,2332,2,0.06666666666666667
904,2346,2348,2,0.06666666666666667
904,2395,2398,3,0.1
904,2402,2403,1,0.03333333333333333
904,2406,2425,19,0.6333333333333333
904,2427,2429,2,0.06666666666666667
922,2378,2380,2,0.06666666666666667
927,2392,2397,5,0.16666666666666666
927,2398,2400,2,0.06666666666666667
927,2401,2405,4,0.13333333333333333
927,2406,2412,6,0.2
927,2429,2430,1,0.03333333333333333
927,2431,2433,2,0.06666666666666667
867,2412,2414,2,0.06666666666666667
955,2413,2414,1,0.03333333333333333
958,2415,2417,2,0.06666666666666667
958,2427,2430,3,0.1
935,2417,2418,1,0.03333333333333333
935,2419,2421,2,0.06666666666666667
935,2424,2425,1,0.03333333333333333
961,2418,2421,3,0.1
961,2423,2424,1,0.03333333333333333
961,2451,2454,3,0.1
961,2455,2458,3,0.1
964,2447,2448,1,0.03333333333333333
964,2454,2455,1,0.03333333333333333
964,2470,2471,1,0.03333333333333333
964,2474,2478,4,0.13333333333333333
964,2479,2481,2,0.06666666666666667
964,2482,2485,3,0.1
964,2490,2491,1,0.03333333333333333
964,2501,2503,2,0.06666666666666667
964,2512,2521,9,0.3
980,2477,2482,5,0.16666666666666666
980,2485,2490,5,0.16666666666666666
974,2491,2492,1,0.03333333333333333
974,2495,2497,2,0.06666666666666667
974,2502,2503,1,0.03333333333333333
974,3434,3438,4,0.13333333333333333
974,3935,3942,7,0.23333333333333334
974,4333,4351,18,0.6
974,4353,4381,28,0.9333333333333333
974,4428,4429,1,0.03333333333333333
974,4442,4505,63,2.1
974,4508,4509,1,0.03333333333333333
974,4510,4521,11,0.36666666666666664
974,4522,4525,3,0.1
974,4616,4617,1,0.03333333333333333
974,4661,4668,7,0.23333333333333334
974,5339,5348,9,0.3
974,5374,5376,2,0.06666666666666667
974,5420,5422,2,0.06666666666666667
974,5428,5435,7,0.23333333333333334
974,5436,5438,2,0.06666666666666667
974,5439,5474,35,1.1666666666666667
974,5478,5479,1,0.03333333333333333
974,5480,5482,2,0.06666666666666667
974,5485,5488,3,0.1
974,5516,5525,9,0.3
974,5570,5571,1,0.03333333333333333
974,6001,6012,11,0.36666666666666664
974,6015,6018,3,0.1
974,6078,6079,1,0.03333333333333333
974,6083,6084,1,0.03333333333333333
974,6151,6157,6,0.2
974,6159,6160,1,0.03333333333333333
974,6162,6163,1,0.03333333333333333
974,6219,6283,64,2.1333333333333333
974,6295,6315,20,0.6666666666666666
974,6320,6327,7,0.23333333333333334
985,2502,2503,1,0.03333333333333333
993,2516,2518,2,0.06666666666666667
1008,2586,2587,1,0.03333333333333333
1008,2591,2592,1,0.03333333333333333
1008,2594,2595,1,0.03333333333333333
1008,2604,2608,4,0.13333333333333333
1008,2609,2615,6,0.2
933,2393,2604,211,7.033333333333333
933,2608,2622,14,0.4666666666666667
933,2641,2648,7,0.23333333333333334
933,2650,2651,1,0.03333333333333333
933,2695,2696,1,0.03333333333333333
933,2705,2708,3,0.1
933,2717,2719,2,0.06666666666666667
933,2736,2751,15,0.5
933,2756,2816,60,2.0
933,2906,2909,3,0.1
933,2910,2911,1,0.03333333333333333
933,2914,2916,2,0.06666666666666667
933,2918,2983,65,2.1666666666666665
1032,2654,2655,1,0.03333333333333333
1032,2664,2665,1,0.03333333333333333
1051,2693,2695,2,0.06666666666666667
1051,2696,2702,6,0.2
1051,2704,2705,1,0.03333333333333333
1051,2709,2711,2,0.06666666666666667
1051,2712,2714,2,0.06666666666666667
1051,2717,2719,2,0.06666666666666667
1051,2720,2728,8,0.26666666666666666
1056,2697,2721,24,0.8
1056,2725,2726,1,0.03333333333333333
1056,2728,2729,1,0.03333333333333333
1056,2733,2736,3,0.1
1056,2737,2738,1,0.03333333333333333
1056,2740,2741,1,0.03333333333333333
1056,2743,2749,6,0.2
1056,2750,2754,4,0.13333333333333333
1056,2760,2765,5,0.16666666666666666
1056,2768,2771,3,0.1
1056,2795,2797,2,0.06666666666666667
1052,2725,2728,3,0.1
1052,2731,2733,2,0.06666666666666667
1052,2736,2751,15,0.5
1052,2752,2753,1,0.03333333333333333
1052,2756,2771,15,0.5
1052,2801,2803,2,0.06666666666666667
1052,2804,2805,1,0.03333333333333333
1052,2813,2822,9,0.3
1052,2824,2827,3,0.1
1052,2828,2832,4,0.13333333333333333
1052,2833,2836,3,0.1
1062,2749,2753,4,0.13333333333333333
1062,2754,2760,6,0.2
1062,2762,2764,2,0.06666666666666667
1062,2765,2768,3,0.1
1105,2889,2890,1,0.03333333333333333
1110,2930,2931,1,0.03333333333333333
1110,2941,2942,1,0.03333333333333333
1110,2955,2957,2,0.06666666666666667
1140,2977,2978,1,0.03333333333333333
1143,2992,2993,1,0.03333333333333333
1143,3003,3007,4,0.13333333333333333
1148,3007,3009,2,0.06666666666666667
1148,3030,3031,1,0.03333333333333333
1148,3122,3124,2,0.06666666666666667
1158,3034,3037,3,0.1
1158,3038,3039,1,0.03333333333333333
1158,3043,3045,2,0.06666666666666667
1158,3074,3076,2,0.06666666666666667
1190,3269,3271,2,0.06666666666666667
1197,3278,3280,2,0.06666666666666667
1197,3282,3286,4,0.13333333333333333
1197,3292,3293,1,0.03333333333333333
1197,3298,3300,2,0.06666666666666667
1197,3380,3381,1,0.03333333333333333
1216,3297,3298,1,0.03333333333333333
1216,3301,3334,33,1.1
1216,3337,3340,3,0.1
1216,3341,3343,2,0.06666666666666667
1216,3346,3351,5,0.16666666666666666
1216,3353,3354,1,0.03333333333333333
1216,3358,3371,13,0.43333333333333335
1216,3372,3374,2,0.06666666666666667
1216,3377,3378,1,0.03333333333333333
1216,3379,3380,1,0.03333333333333333
1216,3392,3394,2,0.06666666666666667
1216,3399,3401,2,0.06666666666666667
1216,3436,3438,2,0.06666666666666667
1216,3449,3450,1,0.03333333333333333
1216,3469,3472,3,0.1
1216,3473,3485,12,0.4
1216,3487,3488,1,0.03333333333333333
1216,3492,3494,2,0.06666666666666667
1216,3496,3498,2,0.06666666666666667
1216,3499,3501,2,0.06666666666666667
1216,3502,3504,2,0.06666666666666667
1216,3506,3519,13,0.43333333333333335
1216,3523,3536,13,0.43333333333333335
1216,3540,3542,2,0.06666666666666667
1216,3544,3545,1,0.03333333333333333
1216,3549,3551,2,0.06666666666666667
1205,3298,3300,2,0.06666666666666667
1205,3304,3306,2,0.06666666666666667
1205,3325,3326,1,0.03333333333333333
1254,3396,3398,2,0.06666666666666667
1254,3403,3405,2,0.06666666666666667
1254,3406,3407,1,0.03333333333333333
1254,3424,3425,1,0.03333333333333333
1254,3458,3459,1,0.03333333333333333
1254,3467,3471,4,0.13333333333333333
1254,3472,3474,2,0.06666666666666667
1254,3476,3478,2,0.06666666666666667
1254,3479,3480,1,0.03333333333333333
1283,3430,3431,1,0.03333333333333333
1206,3432,3434,2,0.06666666666666667
1278,3444,3445,1,0.03333333333333333
1294,3492,3494,2,0.06666666666666667
1294,3499,3500,1,0.03333333333333333
1328,3542,3551,9,0.3
1328,3555,3556,1,0.03333333333333333
1342,3578,3579,1,0.03333333333333333
1359,3588,3589,1,0.03333333333333333
1237,3585,3591,6,0.2
1325,3601,3603,2,0.06666666666666667
1369,3611,3612,1,0.03333333333333333
1369,3613,3615,2,0.06666666666666667
1234,3618,3622,4,0.13333333333333333
1234,3692,3696,4,0.13333333333333333
1234,3697,3700,3,0.1
1234,3701,3702,1,0.03333333333333333
1234,3708,3715,7,0.23333333333333334
1366,3624,3625,1,0.03333333333333333
1366,3626,3627,1,0.03333333333333333
1366,3628,3632,4,0.13333333333333333
1387,3637,3651,14,0.4666666666666667
1387,3653,3656,3,0.1
1387,3657,3660,3,0.1
1387,3682,3683,1,0.03333333333333333
1387,3685,3686,1,0.03333333333333333
1400,3657,3660,3,0.1
1400,3676,3679,3,0.1
1400,3680,3683,3,0.1
1400,3685,3687,2,0.06666666666666667
1400,3710,3711,1,0.03333333333333333
1400,3768,3769,1,0.03333333333333333
1400,3771,3783,12,0.4
1398,3683,3684,1,0.03333333333333333
1398,3686,3687,1,0.03333333333333333
1398,3750,3758,8,0.26666666666666666
1398,3759,3762,3,0.1
1398,3790,3815,25,0.8333333333333334
1367,3704,3709,5,0.16666666666666666
1455,3822,3829,7,0.23333333333333334
1455,3831,3835,4,0.13333333333333333
1455,3838,3840,2,0.06666666666666667
1455,3845,3846,1,0.03333333333333333
1455,3935,3936,1,0.03333333333333333
1455,3939,3941,2,0.06666666666666667
1464,3859,3862,3,0.1
1468,3866,3867,1,0.03333333333333333
1474,3879,3880,1,0.03333333333333333
1474,3882,3886,4,0.13333333333333333
1474,3887,3892,5,0.16666666666666666
1474,3894,3899,5,0.16666666666666666
1474,3900,3901,1,0.03333333333333333
1474,3914,3915,1,0.03333333333333333
1474,3922,3925,3,0.1
1474,3926,3928,2,0.06666666666666667
1471,3874,3884,10,0.3333333333333333
1471,3890,3891,1,0.03333333333333333
1471,3895,3896,1,0.03333333333333333
1471,3922,3923,1,0.03333333333333333
1471,4054,4063,9,0.3
1471,4064,4066,2,0.06666666666666667
1471,4069,4079,10,0.3333333333333333
1471,4081,4086,5,0.16666666666666666
1471,4103,4204,101,3.3666666666666667
1471,4216,4222,6,0.2
1471,4287,4296,9,0.3
1471,4310,4311,1,0.03333333333333333
1471,4319,4320,1,0.03333333333333333
1471,4321,4328,7,0.23333333333333334
1471,4329,4335,6,0.2
1471,4362,4363,1,0.03333333333333333
1471,4368,4382,14,0.4666666666666667
1471,4429,4430,1,0.03333333333333333
1471,4445,4475,30,1.0
1471,4579,4588,9,0.3
1471,4594,4600,6,0.2
1471,4669,4670,1,0.03333333333333333
1471,4671,4673,2,0.06666666666666667
1471,4675,4676,1,0.03333333333333333
1471,4908,4914,6,0.2
1471,5174,5181,7,0.23333333333333334
1471,5185,5196,11,0.36666666666666664
1471,6286,6300,14,0.4666666666666667
1471,6331,6344,13,0.43333333333333335
1471,6590,6602,12,0.4
1471,6604,6606,2,0.06666666666666667
1471,6607,6608,1,0.03333333333333333
1471,7086,7093,7,0.23333333333333334
1471,7094,7107,13,0.43333333333333335
1471,7111,7130,19,0.6333333333333333
1471,7131,7135,4,0.13333333333333333
1471,7138,7147,9,0.3
1471,7149,7153,4,0.13333333333333333
1471,7185,7190,5,0.16666666666666666
1471,7193,7218,25,0.8333333333333334
1471,7234,7235,1,0.03333333333333333
1471,7239,7302,63,2.1
1471,7308,7309,1,0.03333333333333333
1471,7331,7338,7,0.23333333333333334
1471,7339,7389,50,1.6666666666666667
1471,7392,7413,21,0.7
1471,7414,7417,3,0.1
1471,7478,7485,7,0.23333333333333334
1471,7489,7490,1,0.03333333333333333
1471,7498,7516,18,0.6
1471,7519,7520,1,0.03333333333333333
1471,7538,7540,2,0.06666666666666667
1471,7542,7544,2,0.06666666666666667
1471,7568,7581,13,0.43333333333333335
1471,7593,7603,10,0.3333333333333333
1471,7617,7618,1,0.03333333333333333
1471,7619,7625,6,0.2
1471,7663,7673,10,0.3333333333333333
1471,7674,7675,1,0.03333333333333333
1510,3972,3975,3,0.1
1510,3980,3987,7,0.23333333333333334
1510,3991,3992,1,0.03333333333333333
1510,3994,3998,4,0.13333333333333333
1510,4012,4014,2,0.06666666666666667
1515,3994,3995,1,0.03333333333333333
1524,3995,3996,1,0.03333333333333333
1521,4007,4012,5,0.16666666666666666
1521,4031,4033,2,0.06666666666666667
1511,4015,4018,3,0.1
1534,4026,4028,2,0.06666666666666667
1534,4030,4039,9,0.3
1534,4049,4066,17,0.5666666666666667
1534,4071,4073,2,0.06666666666666667
1534,4175,4210,35,1.1666666666666667
1534,4218,4221,3,0.1
1543,4068,4070,2,0.06666666666666667
1543,4131,4134,3,0.1
1543,4266,4270,4,0.13333333333333333
1543,4271,4273,2,0.06666666666666667
1543,4275,4278,3,0.1
1539,4129,4130,1,0.03333333333333333
1557,4129,4130,1,0.03333333333333333
1562,4152,4153,1,0.03333333333333333
1554,4242,4243,1,0.03333333333333333
1554,4244,4246,2,0.06666666666666667
1554,4249,4250,1,0.03333333333333333
1554,4251,4253,2,0.06666666666666667
1573,4275,4280,5,0.16666666666666666
1573,4307,4310,3,0.1
1573,4338,4341,3,0.1
1573,4343,4344,1,0.03333333333333333
1573,4345,4347,2,0.06666666666666667
1573,4362,4363,1,0.03333333333333333
1573,4365,4378,13,0.43333333333333335
1573,4381,4389,8,0.26666666666666666
1584,4283,4284,1,0.03333333333333333
1584,4288,4290,2,0.06666666666666667
1584,4295,4303,8,0.26666666666666666
1601,4343,4344,1,0.03333333333333333
1601,4347,4350,3,0.1
1623,4345,4346,1,0.03333333333333333
1623,4351,4357,6,0.2
1623,4362,4363,1,0.03333333333333333
1623,4382,4384,2,0.06666666666666667
1623,4389,4390,1,0.03333333333333333
1623,4398,4400,2,0.06666666666666667
1623,4433,4437,4,0.13333333333333333
1616,4351,4360,9,0.3
1616,4361,4363,2,0.06666666666666667
1616,4369,4372,3,0.1
1636,4366,4367,1,0.03333333333333333
1636,4368,4370,2,0.06666666666666667
1589,4366,4370,4,0.13333333333333333
1589,4372,4378,6,0.2
1589,4388,4389,1,0.03333333333333333
1589,4390,4394,4,0.13333333333333333
1589,4421,4422,1,0.03333333333333333
1589,4441,4444,3,0.1
1589,4446,4448,2,0.06666666666666667
1589,4449,4452,3,0.1
1589,4470,4473,3,0.1
1589,4487,4493,6,0.2
1589,4496,4502,6,0.2
1589,4504,4508,4,0.13333333333333333
1589,4533,4534,1,0.03333333333333333
1589,4538,4540,2,0.06666666666666667
1589,4620,4621,1,0.03333333333333333
1589,4645,4646,1,0.03333333333333333
1589,4651,4652,1,0.03333333333333333
1589,4655,4656,1,0.03333333333333333
1589,4711,4712,1,0.03333333333333333
1589,4753,4754,1,0.03333333333333333
1589,4757,4759,2,0.06666666666666667
1637,4368,4374,6,0.2
1637,4637,4640,3,0.1
1637,4657,4658,1,0.03333333333333333
1637,4664,4665,1,0.03333333333333333
1637,4667,4668,1,0.03333333333333333
1637,4670,4677,7,0.23333333333333334
1640,4372,4374,2,0.06666666666666667
1640,4444,4445,1,0.03333333333333333
1640,4449,4451,2,0.06666666666666667
1640,4540,4541,1,0.03333333333333333
1640,4543,4545,2,0.06666666666666667
1640,4549,4550,1,0.03333333333333333
1632,4389,4396,7,0.23333333333333334
1658,4448,4449,1,0.03333333333333333
1658,4451,4452,1,0.03333333333333333
1671,4463,4464,1,0.03333333333333333
1703,4512,4516,4,0.13333333333333333
1703,4520,4521,1,0.03333333333333333
1744,4622,4641,19,0.6333333333333333
1744,4644,4645,1,0.03333333333333333
1744,4655,4668,13,0.43333333333333335
1744,4717,4745,28,0.9333333333333333
1755,4647,4650,3,0.1
1755,4652,4653,1,0.03333333333333333
1755,4655,4656,1,0.03333333333333333
1755,4657,4659,2,0.06666666666666667
1755,4660,4665,5,0.16666666666666666
1755,4668,4669,1,0.03333333333333333
1755,4703,4704,1,0.03333333333333333
1761,4661,4664,3,0.1
1785,4689,4708,19,0.6333333333333333
1785,4709,4711,2,0.06666666666666667
1812,4714,4716,2,0.06666666666666667
1806,4729,4732,3,0.1
1852,4728,4734,6,0.2
1852,4735,4738,3,0.1
1852,4744,4745,1,0.03333333333333333
1852,4762,4763,1,0.03333333333333333
1846,4729,4768,39,1.3
1846,4780,4781,1,0.03333333333333333
1846,4800,4801,1,0.03333333333333333
1891,4788,4789,1,0.03333333333333333
1889,4792,4795,3,0.1
1889,4801,4804,3,0.1
1889,4817,4840,23,0.7666666666666667
1889,4870,4872,2,0.06666666666666667
1889,4873,4878,5,0.16666666666666666
1897,4812,4822,10,0.3333333333333333
1897,4825,4836,11,0.36666666666666664
1897,4837,4838,1,0.03333333333333333
1897,4846,4852,6,0.2
1897,4862,4864,2,0.06666666666666667
1897,4865,4867,2,0.06666666666666667
1780,4826,4828,2,0.06666666666666667
1780,4832,5001,169,5.633333333333334
1780,5010,5011,1,0.03333333333333333
1869,4903,4904,1,0.03333333333333333
1970,5054,5055,1,0.03333333333333333
1970,5057,5058,1,0.03333333333333333
1949,5071,5073,2,0.06666666666666667
1949,5075,5086,11,0.36666666666666664
1988,5111,5113,2,0.06666666666666667
1988,5130,5139,9,0.3
2007,5119,5121,2,0.06666666666666667
2007,5129,5130,1,0.03333333333333333
2007,5151,5153,2,0.06666666666666667
2007,5156,5158,2,0.06666666666666667
2007,5185,5186,1,0.03333333333333333
1999,5122,5123,1,0.03333333333333333
1999,5125,5129,4,0.13333333333333333
1999,5131,5135,4,0.13333333333333333
1999,5143,5145,2,0.06666666666666667
1999,5147,5148,1,0.03333333333333333
1999,5149,5151,2,0.06666666666666667
1999,5152,5156,4,0.13333333333333333
2011,5130,5131,1,0.03333333333333333
2011,5142,5146,4,0.13333333333333333
2011,5149,5150,1,0.03333333333333333
2014,5133,5135,2,0.06666666666666667
2014,5137,5138,1,0.03333333333333333
2021,5140,5141,1,0.03333333333333333
2021,5146,5149,3,0.1
2021,5150,5153,3,0.1
2021,5162,5163,1,0.03333333333333333
2021,5166,5167,1,0.03333333333333333
2021,5174,5175,1,0.03333333333333333
2021,5179,5181,2,0.06666666666666667
2021,5278,5283,5,0.16666666666666666
2023,5156,5157,1,0.03333333333333333
2023,5160,5161,1,0.03333333333333333
2023,5162,5163,1,0.03333333333333333
2023,5169,5170,1,0.03333333333333333
2023,5173,5174,1,0.03333333333333333
2023,5175,5177,2,0.06666666666666667
2023,5178,5179,1,0.03333333333333333
2023,5243,5245,2,0.06666666666666667
2023,5270,5274,4,0.13333333333333333
2023,5275,5276,1,0.03333333333333333
2042,5247,5248,1,0.03333333333333333
2050,5247,5248,1,0.03333333333333333
1980,5246,5250,4,0.13333333333333333
1980,5252,5254,2,0.06666666666666667
1980,5255,5262,7,0.23333333333333334
1980,5270,5274,4,0.13333333333333333
1980,5275,5304,29,0.9666666666666667
1980,5306,5310,4,0.13333333333333333
2064,5288,5294,6,0.2
2068,5332,5334,2,0.06666666666666667
2068,5340,5342,2,0.06666666666666667
2072,5338,5339,1,0.03333333333333333
2089,5376,5379,3,0.1
2089,5438,5439,1,0.03333333333333333
2099,5406,5414,8,0.26666666666666666
2104,5432,5435,3,0.1
2057,5470,5471,1,0.03333333333333333
2115,5480,5485,5,0.16666666666666666
2127,5526,5527,1,0.03333333333333333
2127,5529,5538,9,0.3
2127,5540,5550,10,0.3333333333333333
2127,5564,5565,1,0.03333333333333333
2127,5634,5636,2,0.06666666666666667
2148,5609,5610,1,0.03333333333333333
2148,5611,5617,6,0.2
2166,5681,5689,8,0.26666666666666666
2166,5690,5693,3,0.1
2167,5689,5692,3,0.1
2182,5746,5757,11,0.36666666666666664
2169,5773,5776,3,0.1
2169,5813,5817,4,0.13333333333333333
2192,5859,5861,2,0.06666666666666667
2192,5864,5866,2,0.06666666666666667
2192,5867,5868,1,0.03333333333333333
2192,5871,5873,2,0.06666666666666667
2192,5905,5906,1,0.03333333333333333
2192,5917,5919,2,0.06666666666666667
2192,5933,5934,1,0.03333333333333333
2192,5937,5939,2,0.06666666666666667
2206,5905,5906,1,0.03333333333333333
2213,5931,5933,2,0.06666666666666667
2213,5941,5943,2,0.06666666666666667
2213,5946,5947,1,0.03333333333333333
2213,5948,5950,2,0.06666666666666667
2213,5955,5958,3,0.1
2213,5963,5965,2,0.06666666666666667
2218,5934,5937,3,0.1
2218,5939,5940,1,0.03333333333333333
2218,5959,5960,1,0.03333333333333333
2233,5999,6001,2,0.06666666666666667
2233,6016,6020,4,0.13333333333333333
2233,6044,6046,2,0.06666666666666667
2233,6047,6055,8,0.26666666666666666
2233,6059,6062,3,0.1
2233,6097,6098,1,0.03333333333333333
2233,6099,6101,2,0.06666666666666667
2233,6103,6106,3,0.1
2233,6209,6212,3,0.1
2233,6218,6219,1,0.03333333333333333
2233,6221,6222,1,0.03333333333333333
2257,6067,6068,1,0.03333333333333333
2257,6103,6104,1,0.03333333333333333
2257,6149,6150,1,0.03333333333333333
2257,6151,6153,2,0.06666666666666667
2269,6122,6123,1,0.03333333333333333
2269,6126,6127,1,0.03333333333333333
2269,6128,6130,2,0.06666666666666667
2270,6135,6136,1,0.03333333333333333
2270,6137,6138,1,0.03333333333333333
2270,6143,6146,3,0.1
2270,6151,6153,2,0.06666666666666667
2270,6311,6312,1,0.03333333333333333
2289,6182,6185,3,0.1
2289,6190,6191,1,0.03333333333333333
2289,6192,6194,2,0.06666666666666667
2289,6197,6198,1,0.03333333333333333
2289,6199,6202,3,0.1
2311,6226,6227,1,0.03333333333333333
2311,6233,6234,1,0.03333333333333333
2311,6236,6240,4,0.13333333333333333
2311,6242,6243,1,0.03333333333333333
2311,6247,6248,1,0.03333333333333333
2311,6256,6262,6,0.2
2323,6234,6240,6,0.2
2358,6291,6294,3,0.1
2358,6296,6298,2,0.06666666666666667
2358,6310,6312,2,0.06666666666666667
2358,6313,6315,2,0.06666666666666667
2358,6323,6324,1,0.03333333333333333
2358,6450,6457,7,0.23333333333333334
2330,6340,6342,2,0.06666666666666667
2330,6352,6359,7,0.23333333333333334
2330,6384,6386,2,0.06666666666666667
2377,6343,6346,3,0.1
2382,6370,6372,2,0.06666666666666667
2382,6378,6380,2,0.06666666666666667
2382,6387,6389,2,0.06666666666666667
2382,6425,6427,2,0.06666666666666667
2382,6460,6462,2,0.06666666666666667
2382,6463,6464,1,0.03333333333333333
2382,6469,6471,2,0.06666666666666667
2382,6498,6499,1,0.03333333333333333
2392,6401,6404,3,0.1
2359,6407,6408,1,0.03333333333333333
2399,6435,6444,9,0.3
2399,6452,6467,15,0.5
2399,6469,6474,5,0.16666666666666666
2399,6484,6485,1,0.03333333333333333
2399,6487,6489,2,0.06666666666666667
2399,6490,6492,2,0.06666666666666667
2399,6493,6496,3,0.1
2399,6500,6501,1,0.03333333333333333
2399,6502,6503,1,0.03333333333333333
2399,6505,6506,1,0.03333333333333333
2399,6604,6605,1,0.03333333333333333
2399,6608,6609,1,0.03333333333333333
2416,6444,6446,2,0.06666666666666667
2416,6458,6460,2,0.06666666666666667
2416,6464,6465,1,0.03333333333333333
2416,6523,6524,1,0.03333333333333333
2416,6555,6556,1,0.03333333333333333
2416,6568,6570,2,0.06666666666666667
2416,6578,6580,2,0.06666666666666667
2416,6587,6588,1,0.03333333333333333
2416,6590,6600,10,0.3333333333333333
2416,6629,6632,3,0.1
2406,6446,6451,5,0.16666666666666666
2406,6471,6484,13,0.43333333333333335
2406,6539,6541,2,0.06666666666666667
2406,6548,6568,20,0.6666666666666666
2406,6569,6572,3,0.1
2406,6585,6588,3,0.1
2406,6589,6629,40,1.3333333333333333
2406,6634,6654,20,0.6666666666666666
2406,6655,6659,4,0.13333333333333333
2406,6678,6679,1,0.03333333333333333
2406,6697,6707,10,0.3333333333333333
2406,6711,6713,2,0.06666666666666667
2406,6751,6752,1,0.03333333333333333
2406,6758,6763,5,0.16666666666666666
2406,6794,6795,1,0.03333333333333333
2406,6797,6806,9,0.3
2427,6457,6458,1,0.03333333333333333
2459,6495,6499,4,0.13333333333333333
2459,6515,6517,2,0.06666666666666667
2459,6518,6520,2,0.06666666666666667
2459,6522,6524,2,0.06666666666666667
2470,6507,6508,1,0.03333333333333333
2470,6525,6528,3,0.1
2470,6529,6530,1,0.03333333333333333
2470,6532,6544,12,0.4
2470,6561,6564,3,0.1
2470,6594,6601,7,0.23333333333333334
2487,6528,6532,4,0.13333333333333333
2473,6544,6548,4,0.13333333333333333
2503,6558,6560,2,0.06666666666666667
2503,6561,6576,15,0.5
2497,6560,6561,1,0.03333333333333333
2497,6574,6577,3,0.1
2497,6578,6581,3,0.1
2497,6589,6592,3,0.1
2497,6594,6597,3,0.1
2497,6625,6626,1,0.03333333333333333
2497,6690,6691,1,0.03333333333333333
2507,6601,6602,1,0.03333333333333333
2507,6609,6610,1,0.03333333333333333
2507,6618,6622,4,0.13333333333333333
2552,6613,6614,1,0.03333333333333333
2562,6661,6666,5,0.16666666666666666
2562,6690,6691,1,0.03333333333333333
2583,6741,6742,1,0.03333333333333333
2583,6745,7378,633,21.1
2583,7380,7384,4,0.13333333333333333
2583,7386,7388,2,0.06666666666666667
2591,6758,6761,3,0.1
2591,6763,6764,1,0.03333333333333333
2584,6755,6771,16,0.5333333333333333
2587,6778,6779,1,0.03333333333333333
2587,6787,6790,3,0.1
2587,6791,6793,2,0.06666666666666667
2611,6840,6841,1,0.03333333333333333
2624,6880,6882,2,0.06666666666666667
2624,6887,6937,50,1.6666666666666667
2624,6942,6949,7,0.23333333333333334
2624,6950,6958,8,0.26666666666666666
2624,6962,6978,16,0.5333333333333333
2624,6983,7070,87,2.9
2624,7071,7072,1,0.03333333333333333
2624,7073,7078,5,0.16666666666666666
2624,7122,7125,3,0.1
2624,7127,7130,3,0.1
2624,7133,7146,13,0.43333333333333335
2624,7150,7157,7,0.23333333333333334
2624,7158,7161,3,0.1
2624,7162,7166,4,0.13333333333333333
2624,7173,7178,5,0.16666666666666666
2624,7181,7186,5,0.16666666666666666
2624,7205,7208,3,0.1
2628,6913,6916,3,0.1
2628,6930,6931,1,0.03333333333333333
2592,6947,6948,1,0.03333333333333333
2592,6982,6983,1,0.03333333333333333
2633,6950,6956,6,0.2
2633,7081,7082,1,0.03333333333333333
2644,7064,7073,9,0.3
2658,7170,7171,1,0.03333333333333333
2671,7206,7208,2,0.06666666666666667
2680,7277,7278,1,0.03333333333333333
2689,7336,7357,21,0.7
2689,7363,7365,2,0.06666666666666667
2689,7424,7425,1,0.03333333333333333
2689,7724,7743,19,0.6333333333333333
2715,7609,7612,3,0.1
2715,7613,7620,7,0.23333333333333334
2715,7640,7643,3,0.1
2705,7639,7640,1,0.03333333333333333
2705,7650,7651,1,0.03333333333333333
2705,7666,7668,2,0.06666666666666667
2705,7721,7722,1,0.03333333333333333
2705,7734,7740,6,0.2
2726,7657,7658,1,0.03333333333333333
2726,7659,7693,34,1.1333333333333333
2733,7671,7673,2,0.06666666666666667
2733,7700,7701,1,0.03333333333333333
2733,7710,7712,2,0.06666666666666667
2733,7743,7745,2,0.06666666666666667
2731,7673,7674,1,0.03333333333333333
2740,7690,7696,6,0.2
2740,7754,7757,3,0.1
2740,7758,7769,11,0.36666666666666664
2740,7770,7771,1,0.03333333333333333
2751,7698,7700,2,0.06666666666666667
2762,7720,7722,2,0.06666666666666667
2771,7724,7725,1,0.03333333333333333
2771,7743,7745,2,0.06666666666666667
2771,7746,7747,1,0.03333333333333333
2771,7790,7791,1,0.03333333333333333
2771,7796,7797,1,0.03333333333333333
2771,7798,7801,3,0.1
2771,7810,7817,7,0.23333333333333334
564,7730,7732,2,0.06666666666666667
564,7830,7832,2,0.06666666666666667
2766,7757,7762,5,0.16666666666666666
2766,7827,7897,70,2.3333333333333335
2766,7903,7904,1,0.03333333333333333
2766,7960,7963,3,0.1
2766,7967,8000,33,1.1
2766,8001,8012,11,0.36666666666666664
2766,8013,8016,3,0.1
2766,8017,8018,1,0.03333333333333333
2766,8020,8023,3,0.1
2766,8029,8030,1,0.03333333333333333
2766,8032,8033,1,0.03333333333333333
2766,8108,8109,1,0.03333333333333333
2766,8114,8188,74,2.466666666666667
2766,8190,8193,3,0.1
2766,8251,8253,2,0.06666666666666667
2766,8255,8256,1,0.03333333333333333
2766,8305,8309,4,0.13333333333333333
2766,8318,8389,71,2.3666666666666667
2766,8390,8451,61,2.033333333333333
2766,8454,8455,1,0.03333333333333333
2766,8458,8474,16,0.5333333333333333
2766,8489,8493,4,0.13333333333333333
2766,8494,8495,1,0.03333333333333333
2766,8525,8526,1,0.03333333333333333
2766,8527,8534,7,0.23333333333333334
2766,8536,8537,1,0.03333333333333333
2766,8540,8541,1,0.03333333333333333
2766,8543,8560,17,0.5666666666666667
2766,8595,8604,9,0.3
2766,8605,8618,13,0.43333333333333335
2766,8620,8626,6,0.2
2766,8630,8631,1,0.03333333333333333
2766,8634,8664,30,1.0
2766,8666,8688,22,0.7333333333333333
2766,8721,8722,1,0.03333333333333333
2766,8724,8725,1,0.03333333333333333
2766,8729,8730,1,0.03333333333333333
2766,8738,8741,3,0.1
2766,8743,8746,3,0.1
2766,8854,8855,1,0.03333333333333333
2766,8869,8870,1,0.03333333333333333
2766,8883,8890,7,0.23333333333333334
2766,8910,8912,2,0.06666666666666667
2766,8923,8958,35,1.1666666666666667
2766,8962,8965,3,0.1
2766,8967,8976,9,0.3
2766,8978,8982,4,0.13333333333333333
2766,9023,9053,30,1.0
2766,9055,9096,41,1.3666666666666667
2766,9101,9187,86,2.8666666666666667
2766,9189,9195,6,0.2
2766,9215,9216,1,0.03333333333333333
2773,7774,7775,1,0.03333333333333333
2773,7777,7778,1,0.03333333333333333
2796,7834,7838,4,0.13333333333333333
2796,7850,7861,11,0.36666666666666664
2812,7847,7849,2,0.06666666666666667
2812,7850,7851,1,0.03333333333333333
2812,7855,7856,1,0.03333333333333333
2812,7961,7964,3,0.1
2813,7849,7850,1,0.03333333333333333
2813,7851,7853,2,0.06666666666666667
2815,7859,7862,3,0.1
2838,8039,8044,5,0.16666666666666666
2842,8074,8095,21,0.7
2842,8096,8097,1,0.03333333333333333
2842,8098,8100,2,0.06666666666666667
2866,8146,8147,1,0.03333333333333333
2866,8149,8151,2,0.06666666666666667
2870,8164,8166,2,0.06666666666666667
2870,8233,8235,2,0.06666666666666667
2871,8166,8167,1,0.03333333333333333
2874,8179,8181,2,0.06666666666666667
2881,8244,8245,1,0.03333333333333333
2881,8248,8249,1,0.03333333333333333
2881,8251,8252,1,0.03333333333333333
2881,8253,8255,2,0.06666666666666667
2881,8389,8390,1,0.03333333333333333
2869,8284,8285,1,0.03333333333333333
2869,8296,8298,2,0.06666666666666667
2869,8305,8313,8,0.26666666666666666
2893,8301,8306,5,0.16666666666666666
2893,8334,8411,77,2.566666666666667
2904,8322,8329,7,0.23333333333333334
2904,8333,8334,1,0.03333333333333333
2917,8403,8405,2,0.06666666666666667
2919,8422,8431,9,0.3
2919,8432,8443,11,0.36666666666666664
2919,8444,8447,3,0.1
2919,8449,8458,9,0.3
2919,8461,8479,18,0.6
2919,8481,8483,2,0.06666666666666667
2919,8494,8496,2,0.06666666666666667
2919,8522,8526,4,0.13333333333333333
2924,8477,8479,2,0.06666666666666667
2924,8483,8484,1,0.03333333333333333
2945,8554,8562,8,0.26666666666666666
2945,8594,8600,6,0.2
2945,8602,8608,6,0.2
2945,8610,8612,2,0.06666666666666667
2945,8616,8618,2,0.06666666666666667
2951,8560,8566,6,0.2
2951,8622,8623,1,0.03333333333333333
2951,8624,8627,3,0.1
2951,8630,8639,9,0.3
2951,8648,8650,2,0.06666666666666667
2951,8671,8674,3,0.1
2951,8754,8755,1,0.03333333333333333
2975,8646,8647,1,0.03333333333333333
2975,8648,8651,3,0.1
2975,8655,8657,2,0.06666666666666667
2975,8663,8664,1,0.03333333333333333
2975,8670,8671,1,0.03333333333333333
2975,8701,8726,25,0.8333333333333334
2975,8733,8734,1,0.03333333333333333
3033,8714,8717,3,0.1
3033,8722,8724,2,0.06666666666666667
3024,8720,8724,4,0.13333333333333333
3024,8726,8728,2,0.06666666666666667
3024,8729,8730,1,0.03333333333333333
3024,8794,8796,2,0.06666666666666667
3024,8797,8798,1,0.03333333333333333
3024,8803,8804,1,0.03333333333333333
3024,8834,8835,1,0.03333333333333333
3024,8836,8837,1,0.03333333333333333
3024,8838,8839,1,0.03333333333333333
3024,8840,8841,1,0.03333333333333333
3024,8851,8853,2,0.06666666666666667
3024,8893,8894,1,0.03333333333333333
3024,8969,8971,2,0.06666666666666667
3060,8865,8866,1,0.03333333333333333
3092,8939,8941,2,0.06666666666666667
3092,8942,8945,3,0.1
3092,8955,8958,3,0.1
3092,8991,8993,2,0.06666666666666667
3086,8955,8961,6,0.2
3086,8979,8982,3,0.1
3086,8984,8994,10,0.3333333333333333
3108,8990,8991,1,0.03333333333333333
3107,8994,8995,1,0.03333333333333333
3111,9011,9013,2,0.06666666666666667
3133,9085,9107,22,0.7333333333333333
3133,9111,9129,18,0.6
3133,9130,9138,8,0.26666666666666666
3133,9145,9178,33,1.1
3133,9179,9215,36,1.2
3133,9262,9263,1,0.03333333333333333
3133,9266,9267,1,0.03333333333333333
3133,9278,9279,1,0.03333333333333333
3133,9302,9305,3,0.1
3134,9119,9121,2,0.06666666666666667
3134,9123,9125,2,0.06666666666666667
3134,9127,9143,16,0.5333333333333333
3135,9125,9131,6,0.2
3135,9133,9134,1,0.03333333333333333
3135,9139,9141,2,0.06666666666666667
3135,9143,9144,1,0.03333333333333333
3135,9150,9153,3,0.1
3135,9161,9162,1,0.03333333333333333
3135,9170,9173,3,0.1
3143,9173,9199,26,0.8666666666666667
3143,9202,9210,8,0.26666666666666666
3143,9215,9223,8,0.26666666666666666
3143,9233,9234,1,0.03333333333333333
3137,9204,9205,1,0.03333333333333333
3166,9213,9214,1,0.03333333333333333
3176,9218,9221,3,0.1
3155,9204,9255,51,1.7
3155,9291,9295,4,0.13333333333333333
3155,9297,9298,1,0.03333333333333333
3155,9299,9306,7,0.23333333333333334
3155,9338,9339,1,0.03333333333333333
3180,9267,9271,4,0.13333333333333333
3180,9324,9325,1,0.03333333333333333
3180,9329,9330,1,0.03333333333333333
3180,9360,9362,2,0.06666666666666667
3180,9392,9394,2,0.06666666666666667
3180,9406,9407,1,0.03333333333333333
3180,9445,9447,2,0.06666666666666667
3180,9448,9450,2,0.06666666666666667
3180,9459,9460,1,0.03333333333333333
3180,9462,9463,1,0.03333333333333333
3180,9464,9468,4,0.13333333333333333
3180,9570,9571,1,0.03333333333333333
3180,9580,9582,2,0.06666666666666667
3180,9585,9587,2,0.06666666666666667
3192,9271,9273,2,0.06666666666666667
3192,9275,9277,2,0.06666666666666667
3192,9279,9305,26,0.8666666666666667
3192,9332,9334,2,0.06666666666666667
3192,9338,9339,1,0.03333333333333333
3196,9274,9278,4,0.13333333333333333
3196,9294,9297,3,0.1
3196,9307,9309,2,0.06666666666666667
3191,9274,9279,5,0.16666666666666666
3191,9281,9283,2,0.06666666666666667
3191,9290,9291,1,0.03333333333333333
3199,9305,9306,1,0.03333333333333333
3199,9313,9320,7,0.23333333333333334
3211,9320,9322,2,0.06666666666666667
3211,9324,9325,1,0.03333333333333333
3211,9426,9427,1,0.03333333333333333
3234,9391,9392,1,0.03333333333333333
3234,9394,9406,12,0.4
3234,9411,9512,101,3.3666666666666667
3234,9515,9522,7,0.23333333333333334
3234,9523,9536,13,0.43333333333333335
3234,9537,9547,10,0.3333333333333333
3234,9550,9552,2,0.06666666666666667
3234,9559,9565,6,0.2
3234,9580,9631,51,1.7
3234,9632,9635,3,0.1
3234,9642,9644,2,0.06666666666666667
3234,9646,9792,146,4.866666666666666
3234,9813,9833,20,0.6666666666666666
3234,9835,9843,8,0.26666666666666666
3234,9844,9867,23,0.7666666666666667
3234,9868,9877,9,0.3
3234,9883,9888,5,0.16666666666666666
3242,9408,9411,3,0.1
3236,9414,9415,1,0.03333333333333333
3236,9416,9418,2,0.06666666666666667
3236,9610,9612,2,0.06666666666666667
3236,9619,9620,1,0.03333333333333333
3236,9623,9624,1,0.03333333333333333
3236,9637,9644,7,0.23333333333333334
3236,9649,9654,5,0.16666666666666666
3236,9655,9661,6,0.2
3236,9663,9673,10,0.3333333333333333
3236,9684,9686,2,0.06666666666666667
3236,9694,9696,2,0.06666666666666667
3236,9713,9715,2,0.06666666666666667
3236,9730,9735,5,0.16666666666666666
3236,9748,9749,1,0.03333333333333333
3236,9750,9751,1,0.03333333333333333
3236,9758,9761,3,0.1
3236,9829,9830,1,0.03333333333333333
3236,9833,9835,2,0.06666666666666667
3236,9837,9838,1,0.03333333333333333
3236,9979,9980,1,0.03333333333333333
3236,9996,9997,1,0.03333333333333333
3236,10007,10008,1,0.03333333333333333
3236,10016,10018,2,0.06666666666666667
3236,10023,10024,1,0.03333333333333333
3236,10027,10029,2,0.06666666666666667
3236,10074,10077,3,0.1
3266,9436,9438,2,0.06666666666666667
3263,9459,9483,24,0.8
3263,9490,9491,1,0.03333333333333333
3263,9539,9543,4,0.13333333333333333
3263,9558,9560,2,0.06666666666666667
3324,9542,9543,1,0.03333333333333333
3324,9544,9547,3,0.1
3333,9557,9563,6,0.2
3319,9562,9564,2,0.06666666666666667
3319,9632,9636,4,0.13333333333333333
3359,9647,9649,2,0.06666666666666667
3361,9676,9700,24,0.8
3361,9701,9713,12,0.4
3361,9714,9715,1,0.03333333333333333
3361,9716,9718,2,0.06666666666666667
3361,9719,9720,1,0.03333333333333333
3361,9754,9757,3,0.1
3394,9774,9776,2,0.06666666666666667
3394,9781,9782,1,0.03333333333333333
3394,9800,9801,1,0.03333333333333333
3394,9812,9813,1,0.03333333333333333
3394,9814,9815,1,0.03333333333333333
3394,9819,9821,2,0.06666666666666667
3394,9835,9837,2,0.06666666666666667
3394,9846,9859,13,0.43333333333333335
3394,9869,9871,2,0.06666666666666667
3394,9878,9879,1,0.03333333333333333
3394,9881,9883,2,0.06666666666666667
3394,9918,9919,1,0.03333333333333333
3408,9827,9829,2,0.06666666666666667
3426,9870,9874,4,0.13333333333333333
3426,9875,9876,1,0.03333333333333333
3426,9878,9879,1,0.03333333333333333
3444,9895,9897,2,0.06666666666666667
3444,9898,9899,1,0.03333333333333333
3444,9918,9920,2,0.06666666666666667
3444,9922,9926,4,0.13333333333333333
3444,9927,9929,2,0.06666666666666667
3444,9933,9935,2,0.06666666666666667
3444,9937,9938,1,0.03333333333333333
3444,9941,9942,1,0.03333333333333333
3444,9944,9951,7,0.23333333333333334
3416,9901,9902,1,0.03333333333333333
3438,9907,9909,2,0.06666666666666667
3438,9981,9982,1,0.03333333333333333
3438,9993,9994,1,0.03333333333333333
3438,9997,10001,4,0.13333333333333333
3438,10003,10004,1,0.03333333333333333
3438,10005,10009,4,0.13333333333333333
3378,9931,9933,2,0.06666666666666667
3378,9934,9943,9,0.3
3378,9944,9957,13,0.43333333333333335
3452,9934,9943,9,0.3
3452,9945,9946,1,0.03333333333333333
3452,9948,9949,1,0.03333333333333333
3456,9954,9956,2,0.06666666666666667
3456,16752,16754,2,0.06666666666666667
3456,17179,17180,1,0.03333333333333333
3456,17184,17186,2,0.06666666666666667
3456,17821,17822,1,0.03333333333333333
3456,17824,17825,1,0.03333333333333333
3463,9973,9977,4,0.13333333333333333
3463,9979,9981,2,0.06666666666666667
3463,9997,9998,1,0.03333333333333333
3484,9994,9996,2,0.06666666666666667
3484,10005,10008,3,0.1
3484,10010,10011,1,0.03333333333333333
3498,9997,10002,5,0.16666666666666666
3498,10003,10007,4,0.13333333333333333
3504,10006,10009,3,0.1
3504,10017,10018,1,0.03333333333333333
3504,10028,10034,6,0.2
3504,10038,10039,1,0.03333333333333333
3504,10177,10178,1,0.03333333333333333
3504,10179,10180,1,0.03333333333333333
3504,10191,10193,2,0.06666666666666667
3502,10022,10024,2,0.06666666666666667
3502,10026,10039,13,0.43333333333333335
3502,10044,10045,1,0.03333333333333333
3502,10046,10077,31,1.0333333333333334
3502,10078,10086,8,0.26666666666666666
3502,10088,10090,2,0.06666666666666667
3502,10100,10103,3,0.1
3502,10105,10115,10,0.3333333333333333
3502,10126,10141,15,0.5
3502,10144,10160,16,0.5333333333333333
3502,10162,10164,2,0.06666666666666667
3512,10024,10025,1,0.03333333333333333
3512,10026,10027,1,0.03333333333333333
3511,10024,10026,2,0.06666666666666667
3513,10040,10046,6,0.2
3513,10047,10441,394,13.133333333333333
3513,10442,10483,41,1.3666666666666667
3513,10504,10510,6,0.2
3513,10646,10677,31,1.0333333333333334
3513,10688,10692,4,0.13333333333333333
3513,10696,10697,1,0.03333333333333333
3513,10709,10716,7,0.23333333333333334
3513,10717,10723,6,0.2
3513,10736,10854,118,3.933333333333333
3513,10855,10859,4,0.13333333333333333
3513,10874,10907,33,1.1
3513,10943,10944,1,0.03333333333333333
3513,11007,11008,1,0.03333333333333333
3513,11010,11074,64,2.1333333333333333
3513,11076,11091,15,0.5
3513,11109,11115,6,0.2
3513,11116,11121,5,0.16666666666666666
3513,11123,11126,3,0.1
3513,11127,11129,2,0.06666666666666667
3513,11130,11132,2,0.06666666666666667
3513,11320,11322,2,0.06666666666666667
3538,10054,10070,16,0.5333333333333333
3538,10071,10074,3,0.1
3531,10062,10071,9,0.3
3531,10074,10091,17,0.5666666666666667
3531,10094,10097,3,0.1
3531,10126,10127,1,0.03333333333333333
3550,10073,10074,1,0.03333333333333333
3550,10081,10082,1,0.03333333333333333
3563,10088,10093,5,0.16666666666666666
3563,10095,10100,5,0.16666666666666666
3536,10093,10094,1,0.03333333333333333
3536,10106,10108,2,0.06666666666666667
3536,10111,10112,1,0.03333333333333333
3536,10116,10117,1,0.03333333333333333
3536,10119,10120,1,0.03333333333333333
3536,10128,10129,1,0.03333333333333333
3536,10204,10206,2,0.06666666666666667
3536,10208,10210,2,0.06666666666666667
3585,10119,10123,4,0.13333333333333333
3604,10146,10147,1,0.03333333333333333
3604,10171,10172,1,0.03333333333333333
3602,10150,10171,21,0.7
3602,10176,10177,1,0.03333333333333333
3602,10213,10214,1,0.03333333333333333
3602,10332,10333,1,0.03333333333333333
3602,10337,10340,3,0.1
3602,10341,10345,4,0.13333333333333333
3602,10409,10411,2,0.06666666666666667
3619,10178,10179,1,0.03333333333333333
3612,10178,10180,2,0.06666666666666667
3612,10182,10186,4,0.13333333333333333
3612,10187,10211,24,0.8
3612,10215,10216,1,0.03333333333333333
3489,10183,10184,1,0.03333333333333333
3489,10191,10194,3,0.1
3610,10156,10189,33,1.1
3610,10191,10210,19,0.6333333333333333
3610,10211,10235,24,0.8
3610,10236,10254,18,0.6
3610,10261,10264,3,0.1
3610,10266,10285,19,0.6333333333333333
3610,10286,10288,2,0.06666666666666667
3610,10290,10303,13,0.43333333333333335
3610,10304,10308,4,0.13333333333333333
3610,10317,10324,7,0.23333333333333334
3610,10333,10339,6,0.2
3647,10214,10222,8,0.26666666666666666
3647,10223,10227,4,0.13333333333333333
3710,10291,10299,8,0.26666666666666666
3710,10300,10310,10,0.3333333333333333
3710,10311,10315,4,0.13333333333333333
3710,10319,10320,1,0.03333333333333333
3710,10324,10325,1,0.03333333333333333
3710,10327,10331,4,0.13333333333333333
3571,10302,10303,1,0.03333333333333333
3571,10309,10312,3,0.1
3571,10313,10315,2,0.06666666666666667
3571,10316,10319,3,0.1
3571,10329,10336,7,0.23333333333333334
3704,10316,10317,1,0.03333333333333333
3704,10325,10332,7,0.23333333333333334
3704,10352,10355,3,0.1
3704,10362,10364,2,0.06666666666666667
3704,10556,10557,1,0.03333333333333333
3707,10307,10317,10,0.3333333333333333
3707,10324,10325,1,0.03333333333333333
3695,10278,10320,42,1.4
3695,10324,10325,1,0.03333333333333333
3695,10327,10328,1,0.03333333333333333
3695,10329,10355,26,0.8666666666666667
3695,10356,10357,1,0.03333333333333333
3695,10360,10372,12,0.4
3695,10373,10382,9,0.3
3695,10385,10386,1,0.03333333333333333
3695,10387,10393,6,0.2
3695,10396,10398,2,0.06666666666666667
3695,10409,10413,4,0.13333333333333333
3695,10416,10417,1,0.03333333333333333
3695,10450,10451,1,0.03333333333333333
3695,10452,10454,2,0.06666666666666667
3695,10456,10457,1,0.03333333333333333
3695,10458,10466,8,0.26666666666666666
3695,10470,10473,3,0.1
3695,10476,10485,9,0.3
3732,10347,10348,1,0.03333333333333333
3732,10453,10485,32,1.0666666666666667
3732,10490,10495,5,0.16666666666666666
3732,10504,10506,2,0.06666666666666667
3779,10392,10396,4,0.13333333333333333
3779,10397,10400,3,0.1
3779,10401,10402,1,0.03333333333333333
3779,10418,10421,3,0.1
3779,10422,10425,3,0.1
3792,10397,10398,1,0.03333333333333333
3792,10429,10432,3,0.1
3790,10402,10404,2,0.06666666666666667
3689,10438,10440,2,0.06666666666666667
3811,10450,10453,3,0.1
3811,10464,10465,1,0.03333333333333333
3810,10462,10464,2,0.06666666666666667
3834,10512,10514,2,0.06666666666666667
3834,10517,10540,23,0.7666666666666667
3834,10547,10557,10,0.3333333333333333
3834,10559,10560,1,0.03333333333333333
3834,10562,10568,6,0.2
3834,10573,10574,1,0.03333333333333333
3834,10582,10604,22,0.7333333333333333
3834,10608,10609,1,0.03333333333333333
3834,10610,10612,2,0.06666666666666667
3834,10614,10644,30,1.0
3834,10655,10675,20,0.6666666666666666
3809,10516,10517,1,0.03333333333333333
3831,10531,10532,1,0.03333333333333333
3831,10535,10537,2,0.06666666666666667
3831,10542,10544,2,0.06666666666666667
3831,10556,10557,1,0.03333333333333333
3831,10561,10566,5,0.16666666666666666
3831,10567,10568,1,0.03333333333333333
3831,10573,10622,49,1.6333333333333333
3831,10625,10662,37,1.2333333333333334
3831,10663,10670,7,0.23333333333333334
3831,10672,10754,82,2.7333333333333334
3840,10521,10537,16,0.5333333333333333
3840,10538,10540,2,0.06666666666666667
3873,10580,10581,1,0.03333333333333333
3627,10587,10588,1,0.03333333333333333
3627,10638,10640,2,0.06666666666666667
3627,10676,10677,1,0.03333333333333333
3627,10697,10699,2,0.06666666666666667
3627,10704,10705,1,0.03333333333333333
3627,10712,10713,1,0.03333333333333333
3627,10719,10721,2,0.06666666666666667
3627,10722,10729,7,0.23333333333333334
3627,10730,10733,3,0.1
3627,10739,10751,12,0.4
3627,10752,10753,1,0.03333333333333333
3627,10754,10755,1,0.03333333333333333
3627,10759,10778,19,0.6333333333333333
3874,10596,10597,1,0.03333333333333333
3874,10604,10607,3,0.1
3874,10612,10614,2,0.06666666666666667
3874,10624,10625,1,0.03333333333333333
3874,10629,10631,2,0.06666666666666667
3874,10632,10636,4,0.13333333333333333
3874,10637,10640,3,0.1
3874,10641,10655,14,0.4666666666666667
3874,10672,10680,8,0.26666666666666666
3874,10685,10689,4,0.13333333333333333
3901,10648,10649,1,0.03333333333333333
3901,10663,10665,2,0.06666666666666667
3901,10667,10668,1,0.03333333333333333
3927,10730,10733,3,0.1
3927,10734,10744,10,0.3333333333333333
3932,10747,10748,1,0.03333333333333333
3924,10779,10780,1,0.03333333333333333
3924,10782,10783,1,0.03333333333333333
3924,10784,10794,10,0.3333333333333333
3924,10810,10811,1,0.03333333333333333
3924,10812,10816,4,0.13333333333333333
3937,10780,10782,2,0.06666666666666667
3937,10784,10787,3,0.1
3937,10790,10792,2,0.06666666666666667
3937,10796,10804,8,0.26666666666666666
3945,10782,10784,2,0.06666666666666667
3945,10788,10790,2,0.06666666666666667
3945,10794,10796,2,0.06666666666666667
3945,10804,10806,2,0.06666666666666667
3945,10902,10904,2,0.06666666666666667
3945,10905,10906,1,0.03333333333333333
3881,10830,10831,1,0.03333333333333333
3935,10849,10850,1,0.03333333333333333
3959,10854,10858,4,0.13333333333333333
3959,10871,10875,4,0.13333333333333333
3959,10878,10879,1,0.03333333333333333
3959,11065,11067,2,0.06666666666666667
3960,10866,10867,1,0.03333333333333333
3960,10874,10875,1,0.03333333333333333
3960,10878,10883,5,0.16666666666666666
3960,10885,10887,2,0.06666666666666667
3960,10889,10903,14,0.4666666666666667
3960,10905,10906,1,0.03333333333333333
3960,10915,11152,237,7.9
3960,11159,11251,92,3.066666666666667
3960,11265,11266,1,0.03333333333333333
3960,11268,11269,1,0.03333333333333333
3960,11271,11276,5,0.16666666666666666
3960,11280,11281,1,0.03333333333333333
3983,10935,10937,2,0.06666666666666667
3988,10975,10976,1,0.03333333333333333
3988,10979,10981,2,0.06666666666666667
3988,10994,10995,1,0.03333333333333333
3988,10999,11002,3,0.1
3988,11003,11026,23,0.7666666666666667
3988,11031,11034,3,0.1
3988,11079,11080,1,0.03333333333333333
3988,11124,11125,1,0.03333333333333333
3997,11010,11015,5,0.16666666666666666
3997,11028,11029,1,0.03333333333333333
3997,11079,11080,1,0.03333333333333333
4026,11046,11051,5,0.16666666666666666
4026,11052,11053,1,0.03333333333333333
4026,11054,11059,5,0.16666666666666666
4051,11090,11091,1,0.03333333333333333
4064,11123,11133,10,0.3333333333333333
4064,11135,11154,19,0.6333333333333333
4064,11155,11157,2,0.06666666666666667
4095,11320,11321,1,0.03333333333333333
4095,11326,11328,2,0.06666666666666667
4095,11370,11372,2,0.06666666666666667
4095,11486,11488,2,0.06666666666666667
4095,11504,11506,2,0.06666666666666667
4095,11508,11509,1,0.03333333333333333
4099,11344,11348,4,0.13333333333333333
4089,11373,11376,3,0.1
4089,11384,11404,20,0.6666666666666666
4122,11437,11438,1,0.03333333333333333
4122,11445,11449,4,0.13333333333333333
4122,11452,11458,6,0.2
4126,11445,11449,4,0.13333333333333333
4127,11438,11456,18,0.6
4127,11458,11460,2,0.06666666666666667
4127,11462,11465,3,0.1
4127,11474,11477,3,0.1
4127,11485,11493,8,0.26666666666666666
4137,11469,11472,3,0.1
4137,11474,11482,8,0.26666666666666666
4137,11492,11493,1,0.03333333333333333
4137,11494,11498,4,0.13333333333333333
4137,11501,11502,1,0.03333333333333333
4137,11504,11505,1,0.03333333333333333
4137,11517,11520,3,0.1
4138,11471,11474,3,0.1
4138,11476,11478,2,0.06666666666666667
4138,11480,11481,1,0.03333333333333333
4138,11495,11496,1,0.03333333333333333
4138,11500,11501,1,0.03333333333333333
4138,11503,11506,3,0.1
4138,11507,11508,1,0.03333333333333333
4140,11482,11495,13,0.43333333333333335
4140,11496,11503,7,0.23333333333333334
4140,11505,11507,2,0.06666666666666667
4140,11508,11510,2,0.06666666666666667
4140,11580,11582,2,0.06666666666666667
4140,11589,11590,1,0.03333333333333333
4140,11598,11614,16,0.5333333333333333
4132,11517,11522,5,0.16666666666666666
4132,11524,11601,77,2.566666666666667
4132,11648,11654,6,0.2
4132,11656,11657,1,0.03333333333333333
4132,11662,11668,6,0.2
4132,11674,11676,2,0.06666666666666667
4152,11521,11525,4,0.13333333333333333
4152,11696,11697,1,0.03333333333333333
4152,11702,11710,8,0.26666666666666666
4152,11712,11714,2,0.06666666666666667
4152,11716,11717,1,0.03333333333333333
4152,11721,11755,34,1.1333333333333333
4152,11764,11766,2,0.06666666666666667
4157,11532,11534,2,0.06666666666666667
4157,11536,11537,1,0.03333333333333333
4157,11544,11546,2,0.06666666666666667
4157,11568,11578,10,0.3333333333333333
4159,11538,11540,2,0.06666666666666667
4159,11541,11549,8,0.26666666666666666
4159,11560,11570,10,0.3333333333333333
4170,11560,11561,1,0.03333333333333333
4167,11554,11570,16,0.5333333333333333
4155,11577,11578,1,0.03333333333333333
4199,11616,11620,4,0.13333333333333333
4205,11637,11638,1,0.03333333333333333
4205,11649,11650,1,0.03333333333333333
4205,11652,11657,5,0.16666666666666666
4205,11669,11674,5,0.16666666666666666
4205,11688,11689,1,0.03333333333333333
4205,11693,11696,3,0.1
4203,11642,11652,10,0.3333333333333333
4192,11676,11677,1,0.03333333333333333
4192,11678,11681,3,0.1
4192,11684,11685,1,0.03333333333333333
4192,11698,11701,3,0.1
4162,11746,11749,3,0.1
4162,11750,11753,3,0.1
4210,11763,11764,1,0.03333333333333333
4210,11766,11767,1,0.03333333333333333
4210,11770,11771,1,0.03333333333333333
4210,11774,11775,1,0.03333333333333333
4210,11785,11791,6,0.2
4210,11792,11806,14,0.4666666666666667
4210,11809,11811,2,0.06666666666666667
4210,11815,11816,1,0.03333333333333333
4249,11765,11766,1,0.03333333333333333
4259,11798,11803,5,0.16666666666666666
4269,11835,11839,4,0.13333333333333333
4271,11845,11848,3,0.1
4271,11849,11852,3,0.1
4271,11855,11861,6,0.2
4270,11858,11859,1,0.03333333333333333
4270,11947,11949,2,0.06666666666666667
4270,11950,11951,1,0.03333333333333333
4270,11969,12062,93,3.1
4270,12064,12073,9,0.3
4270,12090,12097,7,0.23333333333333334
4270,12098,12119,21,0.7
4270,12120,12128,8,0.26666666666666666
4270,12133,12135,2,0.06666666666666667
4270,12136,12187,51,1.7
4270,12188,12189,1,0.03333333333333333
4270,12192,12236,44,1.4666666666666666
4270,12238,12239,1,0.03333333333333333
4270,12259,12264,5,0.16666666666666666
4270,12268,12269,1,0.03333333333333333
4270,12283,12343,60,2.0
4270,12376,12380,4,0.13333333333333333
4270,12381,12461,80,2.6666666666666665
4270,12463,12464,1,0.03333333333333333
4270,12473,12476,3,0.1
4270,12520,12522,2,0.06666666666666667
4273,11855,11863,8,0.26666666666666666
4273,11867,11869,2,0.06666666666666667
4273,11871,11873,2,0.06666666666666667
4273,11877,11881,4,0.13333333333333333
4282,11885,11887,2,0.06666666666666667
4286,11905,11906,1,0.03333333333333333
4286,11932,11934,2,0.06666666666666667
4286,11935,11940,5,0.16666666666666666
4286,11945,11950,5,0.16666666666666666
4286,11952,11956,4,0.13333333333333333
4286,12029,12030,1,0.03333333333333333
4286,12033,12038,5,0.16666666666666666
4286,12040,12044,4,0.13333333333333333
4286,12047,12048,1,0.03333333333333333
4286,12082,12085,3,0.1
4286,12086,12088,2,0.06666666666666667
4286,12092,12093,1,0.03333333333333333
4286,12109,12110,1,0.03333333333333333
4286,12113,12114,1,0.03333333333333333
4290,11908,11909,1,0.03333333333333333
4290,11948,11949,1,0.03333333333333333
4290,12842,12843,1,0.03333333333333333
4290,12855,12870,15,0.5
4290,12873,12875,2,0.06666666666666667
4290,12877,12878,1,0.03333333333333333
4290,12883,12884,1,0.03333333333333333
4290,13030,13031,1,0.03333333333333333
4290,13032,13044,12,0.4
4290,13453,13457,4,0.13333333333333333
4288,11923,11929,6,0.2
4288,11930,11935,5,0.16666666666666666
4288,11942,11944,2,0.06666666666666667
4288,11945,11961,16,0.5333333333333333
4305,11949,11952,3,0.1
4344,12247,12248,1,0.03333333333333333
4344,12249,12276,27,0.9
4344,12277,12281,4,0.13333333333333333
4344,12287,12294,7,0.23333333333333334
4344,12297,12308,11,0.36666666666666664
4344,12336,12337,1,0.03333333333333333
4344,12339,12340,1,0.03333333333333333
4344,12343,12344,1,0.03333333333333333
4344,12345,12347,2,0.06666666666666667
4344,12355,12356,1,0.03333333333333333
4344,12409,12416,7,0.23333333333333334
4344,12417,12420,3,0.1
4344,12424,12425,1,0.03333333333333333
4348,12276,12277,1,0.03333333333333333
4348,12281,12287,6,0.2
4348,12294,12297,3,0.1
4349,12302,12304,2,0.06666666666666667
4349,12305,12309,4,0.13333333333333333
4349,12313,12315,2,0.06666666666666667
4329,12363,12371,8,0.26666666666666666
4329,12372,12375,3,0.1
4374,12391,12395,4,0.13333333333333333
4374,12403,12404,1,0.03333333333333333
4377,12400,12402,2,0.06666666666666667
4377,12403,12404,1,0.03333333333333333
4377,12405,12408,3,0.1
4377,12409,12416,7,0.23333333333333334
4244,12420,12421,1,0.03333333333333333
4244,12530,12531,1,0.03333333333333333
4244,12535,12536,1,0.03333333333333333
4244,12538,12539,1,0.03333333333333333
4244,12552,12565,13,0.43333333333333335
4244,12581,12604,23,0.7666666666666667
4244,12703,12704,1,0.03333333333333333
4244,12708,12709,1,0.03333333333333333
4244,12713,12717,4,0.13333333333333333
4244,12733,12734,1,0.03333333333333333
4244,12737,12742,5,0.16666666666666666
4244,12745,12746,1,0.03333333333333333
4244,12825,12837,12,0.4
4244,12914,12923,9,0.3
4244,12925,12934,9,0.3
4244,12977,13075,98,3.2666666666666666
4244,13076,13077,1,0.03333333333333333
4244,13085,13123,38,1.2666666666666666
4244,13240,13241,1,0.03333333333333333
4244,13242,13247,5,0.16666666666666666
4244,13316,13317,1,0.03333333333333333
4244,13318,13325,7,0.23333333333333334
4244,13456,13464,8,0.26666666666666666
4385,12419,12424,5,0.16666666666666666
4385,12434,12436,2,0.06666666666666667
4385,12437,12438,1,0.03333333333333333
4385,12440,12441,1,0.03333333333333333
4385,12450,12452,2,0.06666666666666667
4385,12646,12648,2,0.06666666666666667
4403,12480,12481,1,0.03333333333333333
4403,12486,12487,1,0.03333333333333333
4403,12489,12491,2,0.06666666666666667
4403,12508,12509,1,0.03333333333333333
4403,12517,12518,1,0.03333333333333333
4403,12609,12613,4,0.13333333333333333
4403,12616,12621,5,0.16666666666666666
4402,12483,12484,1,0.03333333333333333
4402,12486,12487,1,0.03333333333333333
4402,12529,12530,1,0.03333333333333333
4402,12541,12548,7,0.23333333333333334
4402,12565,12566,1,0.03333333333333333
4422,12524,12525,1,0.03333333333333333
4422,12533,12534,1,0.03333333333333333
4422,12536,12537,1,0.03333333333333333
4422,12538,12540,2,0.06666666666666667
4422,12542,12543,1,0.03333333333333333
4422,12573,12574,1,0.03333333333333333
4383,12542,12544,2,0.06666666666666667
4383,12620,12621,1,0.03333333333333333
4383,12636,12640,4,0.13333333333333333
4450,12574,12576,2,0.06666666666666667
4450,12641,12642,1,0.03333333333333333
4450,12653,12654,1,0.03333333333333333
4450,12669,12672,3,0.1
4447,12569,12580,11,0.36666666666666664
4447,12581,12582,1,0.03333333333333333
4447,12584,12585,1,0.03333333333333333
4447,12586,12588,2,0.06666666666666667
4447,12609,12612,3,0.1
4447,12613,12616,3,0.1
4447,12617,12620,3,0.1
4447,12621,12622,1,0.03333333333333333
4447,12624,12625,1,0.03333333333333333
4447,12630,12634,4,0.13333333333333333
4454,12617,12618,1,0.03333333333333333
4497,12690,12692,2,0.06666666666666667
4492,12706,12708,2,0.06666666666666667
4511,12737,12744,7,0.23333333333333334
4511,12745,12746,1,0.03333333333333333
4511,12747,12751,4,0.13333333333333333
4511,12765,12769,4,0.13333333333333333
4511,12782,12790,8,0.26666666666666666
4511,12791,12798,7,0.23333333333333334
4511,12799,12800,1,0.03333333333333333
4511,12807,12809,2,0.06666666666666667
4511,12823,12840,17,0.5666666666666667
4511,12854,12855,1,0.03333333333333333
4511,12859,12863,4,0.13333333333333333
4511,12866,12869,3,0.1
4525,12791,12795,4,0.13333333333333333
4527,12811,12814,3,0.1
4527,12825,12830,5,0.16666666666666666
4527,12867,12871,4,0.13333333333333333
4529,12825,12826,1,0.03333333333333333
4529,12830,12845,15,0.5
4529,12850,12899,49,1.6333333333333333
4529,12903,12912,9,0.3
4529,12921,12922,1,0.03333333333333333
4529,12927,12929,2,0.06666666666666667
4529,12930,12941,11,0.36666666666666664
4529,12944,12946,2,0.06666666666666667
4529,12947,12949,2,0.06666666666666667
4529,12950,12953,3,0.1
4529,12957,12958,1,0.03333333333333333
4529,12961,12963,2,0.06666666666666667
4529,12965,12969,4,0.13333333333333333
4529,13113,13115,2,0.06666666666666667
4531,12822,12826,4,0.13333333333333333
4531,12884,12886,2,0.06666666666666667
4531,12894,12897,3,0.1
4531,12901,12902,1,0.03333333333333333
4539,12859,12863,4,0.13333333333333333
4539,12865,12866,1,0.03333333333333333
4539,12870,12875,5,0.16666666666666666
4539,12879,12882,3,0.1
4552,12899,12906,7,0.23333333333333334
4552,12918,12958,40,1.3333333333333333
4552,12959,12961,2,0.06666666666666667
4552,12969,12972,3,0.1
4552,12973,12991,18,0.6
4552,12992,12994,2,0.06666666666666667
4552,12997,13001,4,0.13333333333333333
4562,12905,12906,1,0.03333333333333333
4556,12909,12912,3,0.1
4577,12921,12922,1,0.03333333333333333
4577,13045,13046,1,0.03333333333333333
4577,13092,13093,1,0.03333333333333333
4577,13111,13113,2,0.06666666666666667
4577,13123,13125,2,0.06666666666666667
4577,13161,13162,1,0.03333333333333333
4584,12939,12941,2,0.06666666666666667
4584,12942,12955,13,0.43333333333333335
4584,12961,12975,14,0.4666666666666667
4584,12977,12987,10,0.3333333333333333
4584,12989,12993,4,0.13333333333333333
4584,12994,12996,2,0.06666666666666667
4584,12998,13001,3,0.1
4584,13004,13005,1,0.03333333333333333
4619,13015,13017,2,0.06666666666666667
4619,13018,13020,2,0.06666666666666667
4619,13022,13024,2,0.06666666666666667
4619,13027,13029,2,0.06666666666666667
4619,13045,13046,1,0.03333333333333333
4619,13073,13077,4,0.13333333333333333
4619,13078,13085,7,0.23333333333333334
4619,13086,13087,1,0.03333333333333333
4619,13112,13114,2,0.06666666666666667
4619,13119,13121,2,0.06666666666666667
4619,13138,13140,2,0.06666666666666667
4619,13202,13203,1,0.03333333333333333
4619,13204,13205,1,0.03333333333333333
4619,13241,13242,1,0.03333333333333333
4619,13243,13244,1,0.03333333333333333
4619,13251,13253,2,0.06666666666666667
4642,13023,13024,1,0.03333333333333333
4637,13028,13029,1,0.03333333333333333
4637,13040,13110,70,2.3333333333333335
4637,13206,13207,1,0.03333333333333333
4637,13418,13423,5,0.16666666666666666
4637,13429,13433,4,0.13333333333333333
4637,13489,13493,4,0.13333333333333333
4637,13502,13505,3,0.1
4637,13507,13512,5,0.16666666666666666
4637,13519,13521,2,0.06666666666666667
4637,13562,13566,4,0.13333333333333333
4637,13567,13569,2,0.06666666666666667
4637,13570,13615,45,1.5
4637,13665,13666,1,0.03333333333333333
4637,13790,13792,2,0.06666666666666667
4637,13843,13845,2,0.06666666666666667
4637,13874,13877,3,0.1
4637,14266,14268,2,0.06666666666666667
4637,14285,14286,1,0.03333333333333333
4637,14295,14299,4,0.13333333333333333
4637,14300,14311,11,0.36666666666666664
4637,14321,14323,2,0.06666666666666667
4637,14460,14461,1,0.03333333333333333
4637,14684,14687,3,0.1
4637,14692,14693,1,0.03333333333333333
4637,14694,14695,1,0.03333333333333333
4637,14723,14724,1,0.03333333333333333
4637,14725,14751,26,0.8666666666666667
4637,14757,14760,3,0.1
4637,14764,14767,3,0.1
4637,14893,14894,1,0.03333333333333333
4637,14945,14959,14,0.4666666666666667
4637,15001,15040,39,1.3
4637,15041,15042,1,0.03333333333333333
4637,15054,15058,4,0.13333333333333333
4637,15059,15092,33,1.1
4637,15093,15097,4,0.13333333333333333
4637,15103,15140,37,1.2333333333333334
4637,15144,15145,1,0.03333333333333333
4637,15147,15148,1,0.03333333333333333
4637,15151,15154,3,0.1
4637,15155,15156,1,0.03333333333333333
4637,15158,15159,1,0.03333333333333333
4637,15178,15179,1,0.03333333333333333
4637,15180,15192,12,0.4
4637,15217,15218,1,0.03333333333333333
4637,15220,15244,24,0.8
4637,15305,15372,67,2.2333333333333334
4637,15373,15378,5,0.16666666666666666
4637,15379,15381,2,0.06666666666666667
4637,15385,15390,5,0.16666666666666666
4637,15403,15539,136,4.533333333333333
4637,15540,15555,15,0.5
4637,15576,15579,3,0.1
4637,15592,15593,1,0.03333333333333333
4637,15611,15613,2,0.06666666666666667
4637,15624,15626,2,0.06666666666666667
4637,15629,15636,7,0.23333333333333334
4637,15641,15642,1,0.03333333333333333
4637,15643,15666,23,0.7666666666666667
4637,15836,15840,4,0.13333333333333333
4637,15879,15881,2,0.06666666666666667
4637,16123,16124,1,0.03333333333333333
4637,16740,16751,11,0.36666666666666664
4616,13010,13054,44,1.4666666666666666
4616,13056,13057,1,0.03333333333333333
4616,13066,13110,44,1.4666666666666666
4616,13111,13112,1,0.03333333333333333
4616,13124,13125,1,0.03333333333333333
4616,13126,13132,6,0.2
4616,13196,13197,1,0.03333333333333333
4616,13198,13199,1,0.03333333333333333
4616,13203,13264,61,2.033333333333333
4616,13338,13363,25,0.8333333333333334
4616,13365,13366,1,0.03333333333333333
4616,13376,13380,4,0.13333333333333333
4616,13382,13385,3,0.1
4616,13386,13387,1,0.03333333333333333
4616,13389,13390,1,0.03333333333333333
4616,13392,13454,62,2.066666666666667
4616,13594,13614,20,0.6666666666666666
4616,13630,13631,1,0.03333333333333333
4616,13636,13737,101,3.3666666666666667
4680,13080,13081,1,0.03333333333333333
4680,13083,13086,3,0.1
4680,13088,13090,2,0.06666666666666667
4704,13109,13110,1,0.03333333333333333
4746,13236,13247,11,0.36666666666666664
4746,13279,13280,1,0.03333333333333333
4746,13282,13284,2,0.06666666666666667
4746,13286,13288,2,0.06666666666666667
4746,13292,13294,2,0.06666666666666667
4746,13295,13296,1,0.03333333333333333
4746,13297,13299,2,0.06666666666666667
4746,13537,13538,1,0.03333333333333333
4746,13540,13541,1,0.03333333333333333
4746,13548,13549,1,0.03333333333333333
4762,13255,13256,1,0.03333333333333333
4762,13260,13261,1,0.03333333333333333
4759,13251,13256,5,0.16666666666666666
4759,13259,13267,8,0.26666666666666666
4759,13270,13272,2,0.06666666666666667
4759,13274,13275,1,0.03333333333333333
4759,13276,13278,2,0.06666666666666667
4759,13282,13283,1,0.03333333333333333
4759,13376,13377,1,0.03333333333333333
4792,13345,13351,6,0.2
4803,13369,13370,1,0.03333333333333333
4797,13418,13421,3,0.1
4797,13425,13433,8,0.26666666666666666
4817,13457,13458,1,0.03333333333333333
4829,13470,13480,10,0.3333333333333333
4829,13493,13496,3,0.1
4829,13504,13513,9,0.3
4829,13517,13529,12,0.4
4829,13533,13537,4,0.13333333333333333
4829,13548,13560,12,0.4
4829,13561,13569,8,0.26666666666666666
4851,13490,13491,1,0.03333333333333333
4851,13498,13500,2,0.06666666666666667
4851,13505,13506,1,0.03333333333333333
4851,13509,13512,3,0.1
4851,13516,13533,17,0.5666666666666667
4851,13545,13549,4,0.13333333333333333
4851,13552,13553,1,0.03333333333333333
4851,13585,13586,1,0.03333333333333333
4851,13587,13590,3,0.1
4851,13596,13597,1,0.03333333333333333
4851,13601,13602,1,0.03333333333333333
4851,13605,13606,1,0.03333333333333333
4842,13488,13504,16,0.5333333333333333
4842,13505,13513,8,0.26666666666666666
4842,13522,13526,4,0.13333333333333333
4869,13517,13518,1,0.03333333333333333
4869,13519,13521,2,0.06666666666666667
4869,13522,13524,2,0.06666666666666667
4807,13525,13526,1,0.03333333333333333
4807,13531,13534,3,0.1
4807,16130,16132,2,0.06666666666666667
4807,16136,16139,3,0.1
4807,17970,17972,2,0.06666666666666667
4807,17973,17976,3,0.1
4871,13528,13529,1,0.03333333333333333
4871,13530,13531,1,0.03333333333333333
4871,13536,13595,59,1.9666666666666666
4871,13596,13597,1,0.03333333333333333
4871,13608,13610,2,0.06666666666666667
4871,13665,13669,4,0.13333333333333333
4871,13670,13673,3,0.1
4871,13676,13677,1,0.03333333333333333
4871,13682,13706,24,0.8
4871,13717,13720,3,0.1
4871,13721,13878,157,5.233333333333333
4871,13975,13978,3,0.1
4871,13989,13994,5,0.16666666666666666
4871,14025,14034,9,0.3
4876,13526,13536,10,0.3333333333333333
4876,13550,13555,5,0.16666666666666666
4876,13556,13557,1,0.03333333333333333
4876,13558,13560,2,0.06666666666666667
4876,13578,13581,3,0.1
4876,13582,13584,2,0.06666666666666667
4876,13594,13601,7,0.23333333333333334
4815,13540,13541,1,0.03333333333333333
4815,13542,13543,1,0.03333333333333333
4815,13545,13546,1,0.03333333333333333
4815,13547,13548,1,0.03333333333333333
4815,13562,13565,3,0.1
4815,13609,13611,2,0.06666666666666667
4884,13537,13542,5,0.16666666666666666
4884,13556,13557,1,0.03333333333333333
4884,13561,13562,1,0.03333333333333333
4884,13570,13574,4,0.13333333333333333
4884,13577,13581,4,0.13333333333333333
4881,13545,13546,1,0.03333333333333333
4881,13552,13553,1,0.03333333333333333
4914,13565,13566,1,0.03333333333333333
4901,13566,13567,1,0.03333333333333333
4901,13578,13579,1,0.03333333333333333
4901,13582,13584,2,0.06666666666666667
4901,13586,13587,1,0.03333333333333333
4901,13593,13594,1,0.03333333333333333
4901,13596,13597,1,0.03333333333333333
4901,13601,13607,6,0.2
4901,13616,13617,1,0.03333333333333333
4901,13642,13645,3,0.1
4901,13648,13649,1,0.03333333333333333
4901,13653,13654,1,0.03333333333333333
4901,13656,13660,4,0.13333333333333333
4901,13661,13665,4,0.13333333333333333
4901,13690,13697,7,0.23333333333333334
4901,13705,13706,1,0.03333333333333333
4920,13567,13569,2,0.06666666666666667
4905,13573,13574,1,0.03333333333333333
4905,13622,13623,1,0.03333333333333333
4905,13661,13662,1,0.03333333333333333
4787,13593,13594,1,0.03333333333333333
4933,13593,13601,8,0.26666666666666666
4935,13601,13607,6,0.2
4963,13660,13661,1,0.03333333333333333
4962,13666,13668,2,0.06666666666666667
4962,13670,13672,2,0.06666666666666667
4962,13677,13678,1,0.03333333333333333
4962,13682,13685,3,0.1
4962,13688,13689,1,0.03333333333333333
4962,13713,13714,1,0.03333333333333333
4962,13716,13717,1,0.03333333333333333
4962,13732,13737,5,0.16666666666666666
4962,13747,13753,6,0.2
4966,13668,13670,2,0.06666666666666667
4989,13728,13732,4,0.13333333333333333
4989,13734,13736,2,0.06666666666666667
4989,13759,13760,1,0.03333333333333333
4989,13773,13778,5,0.16666666666666666
4989,13780,13786,6,0.2
4989,13796,13798,2,0.06666666666666667
4989,13808,13809,1,0.03333333333333333
4993,13730,13732,2,0.06666666666666667
4993,13733,13736,3,0.1
5009,13754,13756,2,0.06666666666666667
5009,13764,13765,1,0.03333333333333333
5027,13778,13780,2,0.06666666666666667
5027,13782,13784,2,0.06666666666666667
5034,13823,13825,2,0.06666666666666667
5034,13826,13834,8,0.26666666666666666
5034,13836,13837,1,0.03333333333333333
5034,13855,13856,1,0.03333333333333333
5034,13858,13863,5,0.16666666666666666
5034,13880,13900,20,0.6666666666666666
5034,13904,13906,2,0.06666666666666667
5034,13926,13927,1,0.03333333333333333
5039,13827,13830,3,0.1
5039,13837,13838,1,0.03333333333333333
5039,13839,13841,2,0.06666666666666667
5039,13842,13845,3,0.1
5039,13846,13867,21,0.7
5039,13868,13870,2,0.06666666666666667
5039,13871,13877,6,0.2
5039,13919,13920,1,0.03333333333333333
5039,13942,13943,1,0.03333333333333333
5039,13946,13948,2,0.06666666666666667
5039,14019,14020,1,0.03333333333333333
5039,14023,14026,3,0.1
5039,14027,14029,2,0.06666666666666667
5039,14034,14035,1,0.03333333333333333
5039,14076,14077,1,0.03333333333333333
5039,14080,14082,2,0.06666666666666667
5039,14085,14086,1,0.03333333333333333
5039,14255,14256,1,0.03333333333333333
5057,13865,13868,3,0.1
5057,13873,13875,2,0.06666666666666667
5057,13877,13878,1,0.03333333333333333
5057,13882,13885,3,0.1
5000,13883,13886,3,0.1
5066,13892,13894,2,0.06666666666666667
5064,13898,13904,6,0.2
5083,13963,13964,1,0.03333333333333333
5083,14146,14151,5,0.16666666666666666
5083,14158,14162,4,0.13333333333333333
5108,14015,14018,3,0.1
5109,14017,14020,3,0.1
5109,14022,14023,1,0.03333333333333333
5109,14042,14047,5,0.16666666666666666
5109,14053,14055,2,0.06666666666666667
5109,14058,14059,1,0.03333333333333333
5109,14066,14067,1,0.03333333333333333
5109,14072,14082,10,0.3333333333333333
5109,14083,14098,15,0.5
5109,14101,14105,4,0.13333333333333333
5109,14108,14110,2,0.06666666666666667
5109,14122,14123,1,0.03333333333333333
5109,14126,14130,4,0.13333333333333333
5109,14203,14206,3,0.1
5109,14211,14212,1,0.03333333333333333
5109,14231,14234,3,0.1
5109,14238,14240,2,0.06666666666666667
5111,14022,14024,2,0.06666666666666667
5111,14029,14030,1,0.03333333333333333
5134,14066,14067,1,0.03333333333333333
5134,14139,14143,4,0.13333333333333333
5086,14087,14088,1,0.03333333333333333
5086,14089,14095,6,0.2
5086,14096,14102,6,0.2
5086,14107,14110,3,0.1
5086,14111,14114,3,0.1
5086,14120,14127,7,0.23333333333333334
5086,14138,14142,4,0.13333333333333333
5086,14148,14153,5,0.16666666666666666
5086,14157,14158,1,0.03333333333333333
5086,14162,14163,1,0.03333333333333333
5086,14178,14179,1,0.03333333333333333
5086,14184,14187,3,0.1
5086,14193,14194,1,0.03333333333333333
5086,14205,14215,10,0.3333333333333333
5163,14111,14113,2,0.06666666666666667
5163,14303,14305,2,0.06666666666666667
5154,14101,14118,17,0.5666666666666667
5154,14218,14219,1,0.03333333333333333
5154,14223,14225,2,0.06666666666666667
5154,14383,14391,8,0.26666666666666666
5154,14403,14405,2,0.06666666666666667
5154,14411,14419,8,0.26666666666666666
5154,14420,14451,31,1.0333333333333334
5154,14514,14548,34,1.1333333333333333
5154,14552,14563,11,0.36666666666666664
5154,14564,14566,2,0.06666666666666667
5154,14583,14588,5,0.16666666666666666
5154,15014,15015,1,0.03333333333333333
5154,15021,15027,6,0.2
5154,15079,15082,3,0.1
5205,14153,14157,4,0.13333333333333333
5205,14158,14162,4,0.13333333333333333
5205,14163,14178,15,0.5
5205,14179,14184,5,0.16666666666666666
5193,14175,14177,2,0.06666666666666667
5193,14179,14181,2,0.06666666666666667
5193,14219,14222,3,0.1
5193,14226,14227,1,0.03333333333333333
5193,14367,14371,4,0.13333333333333333
5193,14373,14375,2,0.06666666666666667
5193,14393,14394,1,0.03333333333333333
5266,14253,14254,1,0.03333333333333333
5122,14273,14274,1,0.03333333333333333
5280,14283,14285,2,0.06666666666666667
5280,14286,14287,1,0.03333333333333333
5288,14299,14302,3,0.1
5288,14405,14406,1,0.03333333333333333
5288,14408,14410,2,0.06666666666666667
5288,14419,14427,8,0.26666666666666666
5288,14428,14430,2,0.06666666666666667
5288,14431,14435,4,0.13333333333333333
5288,14438,14440,2,0.06666666666666667
5288,14442,14447,5,0.16666666666666666
5288,14454,14456,2,0.06666666666666667
5256,14303,14307,4,0.13333333333333333
5256,14310,14311,1,0.03333333333333333
5256,14317,14318,1,0.03333333333333333
5256,14323,14347,24,0.8
5256,14348,14426,78,2.6
5291,14307,14315,8,0.26666666666666666
5291,14317,14318,1,0.03333333333333333
5291,14319,14338,19,0.6333333333333333
5305,14336,14342,6,0.2
5167,14334,14345,11,0.36666666666666664
5167,14346,14352,6,0.2
5167,14354,14355,1,0.03333333333333333
5167,14357,14359,2,0.06666666666666667
5307,14345,14352,7,0.23333333333333334
5307,14468,14470,2,0.06666666666666667
5307,14472,14473,1,0.03333333333333333
5317,14386,14401,15,0.5
5317,14419,14426,7,0.23333333333333334
5317,14427,14428,1,0.03333333333333333
5327,14418,14419,1,0.03333333333333333
5327,14420,14422,2,0.06666666666666667
5327,14424,14426,2,0.06666666666666667
5327,14436,14438,2,0.06666666666666667
5306,14427,14431,4,0.13333333333333333
5306,14432,14435,3,0.1
5329,14419,14440,21,0.7
5329,14463,14464,1,0.03333333333333333
5323,14451,14456,5,0.16666666666666666
5323,14459,14462,3,0.1
5347,14466,14467,1,0.03333333333333333
5347,14470,14478,8,0.26666666666666666
5367,14509,14514,5,0.16666666666666666
5367,14516,14522,6,0.2
5367,14545,14547,2,0.06666666666666667
5367,14563,14568,5,0.16666666666666666
5367,14610,14611,1,0.03333333333333333
5379,14607,14610,3,0.1
5387,14612,14613,1,0.03333333333333333
5387,14617,14620,3,0.1
5387,14621,14624,3,0.1
5387,14634,14635,1,0.03333333333333333
5387,14661,14664,3,0.1
5387,14667,14670,3,0.1
5387,14684,14688,4,0.13333333333333333
5387,14692,14695,3,0.1
5387,14698,14699,1,0.03333333333333333
5387,14734,14736,2,0.06666666666666667
5387,14742,14743,1,0.03333333333333333
5387,14766,14767,1,0.03333333333333333
5387,14881,14883,2,0.06666666666666667
5389,14610,14615,5,0.16666666666666666
5389,14616,14634,18,0.6
5394,14613,14616,3,0.1
5394,14617,14619,2,0.06666666666666667
5394,14629,14631,2,0.06666666666666667
5394,14632,14636,4,0.13333333333333333
5394,14670,14671,1,0.03333333333333333
5368,14623,14624,1,0.03333333333333333
5368,14636,14639,3,0.1
5368,14660,14763,103,3.433333333333333
5368,14765,14766,1,0.03333333333333333
5368,14808,14813,5,0.16666666666666666
5368,14815,14816,1,0.03333333333333333
5368,14847,14849,2,0.06666666666666667
5368,14852,14942,90,3.0
5368,14943,14944,1,0.03333333333333333
5368,14946,15007,61,2.033333333333333
5368,15019,15025,6,0.2
5368,15029,15172,143,4.766666666666667
5368,15174,15175,1,0.03333333333333333
5368,15176,15178,2,0.06666666666666667
5425,14800,14802,2,0.06666666666666667
5425,14809,14820,11,0.36666666666666664
5425,14824,14827,3,0.1
5436,14804,14806,2,0.06666666666666667
5436,14807,14816,9,0.3
5436,14817,14827,10,0.3333333333333333
5436,14829,14833,4,0.13333333333333333
5436,14835,14838,3,0.1
5436,14877,14880,3,0.1
5436,14892,14895,3,0.1
5436,14897,14898,1,0.03333333333333333
5436,14901,14905,4,0.13333333333333333
5436,14910,14911,1,0.03333333333333333
5444,14821,14823,2,0.06666666666666667
5444,14824,14827,3,0.1
5448,14829,14831,2,0.06666666666666667
5448,14833,14835,2,0.06666666666666667
5448,14836,14838,2,0.06666666666666667
5448,14842,14843,1,0.03333333333333333
5441,14813,14839,26,0.8666666666666667
5463,14914,14916,2,0.06666666666666667
5463,14917,14919,2,0.06666666666666667
5463,14921,14922,1,0.03333333333333333
5463,14930,14931,1,0.03333333333333333
5463,14993,14994,1,0.03333333333333333
5464,14937,14938,1,0.03333333333333333
5464,14946,14949,3,0.1
5464,14950,14952,2,0.06666666666666667
5464,14953,14956,3,0.1
5464,14974,14976,2,0.06666666666666667
5464,15008,15010,2,0.06666666666666667
5464,15012,15013,1,0.03333333333333333
5464,15014,15015,1,0.03333333333333333
5464,15025,15027,2,0.06666666666666667
5464,15030,15031,1,0.03333333333333333
5464,15158,15162,4,0.13333333333333333
5501,15047,15048,1,0.03333333333333333
5483,15048,15049,1,0.03333333333333333
5483,15133,15134,1,0.03333333333333333
5483,15144,15145,1,0.03333333333333333
5483,15163,15164,1,0.03333333333333333
5507,15051,15053,2,0.06666666666666667
5507,15054,15055,1,0.03333333333333333
5520,15072,15073,1,0.03333333333333333
5525,15077,15078,1,0.03333333333333333
5472,15111,15114,3,0.1
5472,15115,15117,2,0.06666666666666667
5551,15166,15169,3,0.1
5551,15182,15184,2,0.06666666666666667
5551,15216,15218,2,0.06666666666666667
5535,15241,15242,1,0.03333333333333333
5535,15256,15259,3,0.1
5535,15264,15274,10,0.3333333333333333
5535,15445,15446,1,0.03333333333333333
5535,15454,15456,2,0.06666666666666667
5535,15458,15460,2,0.06666666666666667
5535,15644,15648,4,0.13333333333333333
5535,15669,15679,10,0.3333333333333333
5535,15683,15684,1,0.03333333333333333
5535,15685,15687,2,0.06666666666666667
5586,15336,15347,11,0.36666666666666664
5586,15348,15352,4,0.13333333333333333
5586,15356,15357,1,0.03333333333333333
5595,15402,15403,1,0.03333333333333333
5595,15404,15405,1,0.03333333333333333
5595,15406,15410,4,0.13333333333333333
5595,15413,15414,1,0.03333333333333333
5595,15417,15434,17,0.5666666666666667
5595,15435,15495,60,2.0
5595,15497,15501,4,0.13333333333333333
5595,15502,15510,8,0.26666666666666666
5595,15512,15524,12,0.4
5595,15525,15526,1,0.03333333333333333
5595,15527,15528,1,0.03333333333333333
5595,15549,15550,1,0.03333333333333333
5595,15555,15558,3,0.1
5595,15583,15632,49,1.6333333333333333
5595,15635,15637,2,0.06666666666666667
5595,15638,15643,5,0.16666666666666666
5595,15644,15647,3,0.1
5595,15649,15737,88,2.933333333333333
5595,15794,15844,50,1.6666666666666667
5595,15864,15865,1,0.03333333333333333
5567,15489,15490,1,0.03333333333333333
5567,15491,15492,1,0.03333333333333333
5618,15524,15528,4,0.13333333333333333
5618,15529,15530,1,0.03333333333333333
5618,15531,15539,8,0.26666666666666666
5618,15540,15541,1,0.03333333333333333
5617,15528,15529,1,0.03333333333333333
5617,15530,15531,1,0.03333333333333333
5617,15534,15535,1,0.03333333333333333
5598,15575,15576,1,0.03333333333333333
5625,15587,15588,1,0.03333333333333333
5625,15589,15592,3,0.1
5625,15594,15599,5,0.16666666666666666
5627,15588,15589,1,0.03333333333333333
5627,15592,15595,3,0.1
5627,15599,15600,1,0.03333333333333333
5627,15601,15603,2,0.06666666666666667
5627,15620,15621,1,0.03333333333333333
5627,15623,15624,1,0.03333333333333333
5627,15736,15737,1,0.03333333333333333
5627,15738,15739,1,0.03333333333333333
5627,15741,15744,3,0.1
5627,15749,15750,1,0.03333333333333333
5627,15768,15780,12,0.4
5637,15654,15655,1,0.03333333333333333
5648,15719,15720,1,0.03333333333333333
5648,15745,15746,1,0.03333333333333333
5644,15723,15727,4,0.13333333333333333
5644,15745,15747,2,0.06666666666666667
5644,15765,15768,3,0.1
5644,15786,15788,2,0.06666666666666667
5663,15768,15769,1,0.03333333333333333
5663,15772,15773,1,0.03333333333333333
5663,15810,15812,2,0.06666666666666667
5660,15769,15771,2,0.06666666666666667
5660,15772,15773,1,0.03333333333333333
5660,15822,15919,97,3.2333333333333334
5660,16100,16102,2,0.06666666666666667
5668,15816,15817,1,0.03333333333333333
5668,15818,15822,4,0.13333333333333333
5668,15882,15884,2,0.06666666666666667
5687,15873,15875,2,0.06666666666666667
5687,15878,15884,6,0.2
5687,15885,15886,1,0.03333333333333333
5697,15903,15907,4,0.13333333333333333
5697,15915,15917,2,0.06666666666666667
5697,15918,15919,1,0.03333333333333333
5697,15921,15925,4,0.13333333333333333
5697,15937,15942,5,0.16666666666666666
5698,15929,15934,5,0.16666666666666666
5698,15938,15948,10,0.3333333333333333
5698,15949,15950,1,0.03333333333333333
5682,15962,15964,2,0.06666666666666667
5708,15965,15967,2,0.06666666666666667
5708,15969,15970,1,0.03333333333333333
5708,15972,15974,2,0.06666666666666667
5706,15972,15973,1,0.03333333333333333
5706,15984,15989,5,0.16666666666666666
5706,15991,15992,1,0.03333333333333333
5707,15997,16001,4,0.13333333333333333
5707,16011,16012,1,0.03333333333333333
5707,16016,16019,3,0.1
5707,16146,16147,1,0.03333333333333333
5721,16028,16029,1,0.03333333333333333
5721,16035,16036,1,0.03333333333333333
5721,16075,16076,1,0.03333333333333333
5721,16088,16090,2,0.06666666666666667
5719,16045,16046,1,0.03333333333333333
5719,16074,16075,1,0.03333333333333333
5719,16076,16084,8,0.26666666666666666
5719,16086,16087,1,0.03333333333333333
5719,16090,16092,2,0.06666666666666667
5719,16093,16094,1,0.03333333333333333
5719,16136,16137,1,0.03333333333333333
5719,16138,16142,4,0.13333333333333333
5759,16138,16140,2,0.06666666666666667
5759,16141,16147,6,0.2
5759,16205,16212,7,0.23333333333333334
5744,16148,16149,1,0.03333333333333333
5744,16159,16160,1,0.03333333333333333
5744,16252,16263,11,0.36666666666666664
5744,16264,16267,3,0.1
5781,16198,16201,3,0.1
5781,16208,16209,1,0.03333333333333333
5781,16216,16217,1,0.03333333333333333
5781,16219,16221,2,0.06666666666666667
5781,16228,16229,1,0.03333333333333333
5782,16204,16207,3,0.1
5724,16229,16233,4,0.13333333333333333
5804,16302,16303,1,0.03333333333333333
5804,16307,16312,5,0.16666666666666666
5804,16315,16321,6,0.2
5804,16327,16343,16,0.5333333333333333
5811,16323,16324,1,0.03333333333333333
5811,16327,16329,2,0.06666666666666667
5811,16340,16341,1,0.03333333333333333
5811,16371,16372,1,0.03333333333333333
5811,16398,16407,9,0.3
5820,16329,16331,2,0.06666666666666667
5820,16398,16399,1,0.03333333333333333
5825,16350,16351,1,0.03333333333333333
5862,16512,16513,1,0.03333333333333333
5862,16514,16525,11,0.36666666666666664
5862,16526,16527,1,0.03333333333333333
5862,16528,16532,4,0.13333333333333333
5862,16537,16538,1,0.03333333333333333
5875,16537,16545,8,0.26666666666666666
5875,16549,16573,24,0.8
5875,16585,16588,3,0.1
5875,16590,16592,2,0.06666666666666667
5875,16613,16615,2,0.06666666666666667
5875,16618,16620,2,0.06666666666666667
5875,16676,16688,12,0.4
5875,16690,16697,7,0.23333333333333334
5875,16709,16759,50,1.6666666666666667
5875,16760,16761,1,0.03333333333333333
5875,16762,16763,1,0.03333333333333333
5875,16767,16774,7,0.23333333333333334
5875,16775,16815,40,1.3333333333333333
5875,16822,16823,1,0.03333333333333333
5875,16824,16829,5,0.16666666666666666
5875,16845,16914,69,2.3
5875,16955,16963,8,0.26666666666666666
5875,16971,16972,1,0.03333333333333333
5875,16974,16975,1,0.03333333333333333
5875,16978,16980,2,0.06666666666666667
5875,16983,16984,1,0.03333333333333333
5875,16987,17003,16,0.5333333333333333
5875,17004,17064,60,2.0
5875,17098,17100,2,0.06666666666666667
5875,17106,17107,1,0.03333333333333333
5875,17112,17120,8,0.26666666666666666
5875,17121,17124,3,0.1
5875,17125,17149,24,0.8
5875,17197,17201,4,0.13333333333333333
5875,17206,17262,56,1.8666666666666667
5875,17263,17267,4,0.13333333333333333
5879,16555,16560,5,0.16666666666666666
5879,16562,16567,5,0.16666666666666666
5879,16571,16572,1,0.03333333333333333
5879,16574,16575,1,0.03333333333333333
5879,16576,16577,1,0.03333333333333333
5879,16578,16581,3,0.1
5879,16590,16594,4,0.13333333333333333
5886,16605,16606,1,0.03333333333333333
5886,16608,16618,10,0.3333333333333333
5886,16622,16624,2,0.06666666666666667
5858,16640,16642,2,0.06666666666666667
5901,16658,16663,5,0.16666666666666666
5901,16664,16674,10,0.3333333333333333
5901,16675,16679,4,0.13333333333333333
5901,16680,16682,2,0.06666666666666667
5901,16683,16717,34,1.1333333333333333
5901,16718,16722,4,0.13333333333333333
5901,16728,16730,2,0.06666666666666667
5908,16728,16729,1,0.03333333333333333
5918,16728,16735,7,0.23333333333333334
5911,16735,16738,3,0.1
5928,16800,16803,3,0.1
5928,16807,16820,13,0.43333333333333335
5928,16834,16835,1,0.03333333333333333
5928,16873,16874,1,0.03333333333333333
5928,16888,16889,1,0.03333333333333333
5915,16855,16857,2,0.06666666666666667
5915,16882,16886,4,0.13333333333333333
5915,16887,16888,1,0.03333333333333333
5915,16893,16894,1,0.03333333333333333
5915,16895,16898,3,0.1
5915,16903,16906,3,0.1
5915,16907,16909,2,0.06666666666666667
5915,16936,16937,1,0.03333333333333333
5915,16938,16939,1,0.03333333333333333
5951,16878,16885,7,0.23333333333333334
5951,16905,16906,1,0.03333333333333333
5951,17068,17069,1,0.03333333333333333
5951,17142,17145,3,0.1
5968,16896,16897,1,0.03333333333333333
5936,16900,16901,1,0.03333333333333333
5936,16906,16907,1,0.03333333333333333
5988,16999,17001,2,0.06666666666666667
5977,17044,17046,2,0.06666666666666667
5977,17056,17057,1,0.03333333333333333
5977,17060,17061,1,0.03333333333333333
5977,17066,17067,1,0.03333333333333333
5977,17071,17072,1,0.03333333333333333
5998,17051,17052,1,0.03333333333333333
5998,17053,17057,4,0.13333333333333333
5998,17059,17060,1,0.03333333333333333
6007,17073,17075,2,0.06666666666666667
6007,17361,17362,1,0.03333333333333333
6011,17083,17086,3,0.1
6021,17153,17154,1,0.03333333333333333
6021,17155,17156,1,0.03333333333333333
6021,17183,17184,1,0.03333333333333333
6048,17266,17269,3,0.1
6048,17273,17274,1,0.03333333333333333
6047,17291,17293,2,0.06666666666666667
6047,17297,17298,1,0.03333333333333333
6047,17299,17303,4,0.13333333333333333
6047,17310,17311,1,0.03333333333333333
6047,17472,17474,2,0.06666666666666667
6087,17332,17335,3,0.1
6087,17339,17342,3,0.1
6087,17347,17350,3,0.1
6087,17354,17355,1,0.03333333333333333
6087,17358,17361,3,0.1
6087,17362,17375,13,0.43333333333333335
6087,17377,17378,1,0.03333333333333333
6087,17395,17397,2,0.06666666666666667
6105,17394,17395,1,0.03333333333333333
6105,17399,17405,6,0.2
6105,17413,17414,1,0.03333333333333333
6114,17405,17406,1,0.03333333333333333
6114,17423,17425,2,0.06666666666666667
6113,17409,17410,1,0.03333333333333333
6113,17414,17418,4,0.13333333333333333
6113,17436,17437,1,0.03333333333333333
6123,17441,17443,2,0.06666666666666667
6123,17446,17447,1,0.03333333333333333
6123,17529,17530,1,0.03333333333333333
6135,17457,17459,2,0.06666666666666667
6135,17461,17462,1,0.03333333333333333
6135,17479,17481,2,0.06666666666666667
6170,17575,17577,2,0.06666666666666667
6170,17578,17593,15,0.5
6170,17609,17611,2,0.06666666666666667
6170,17613,17614,1,0.03333333333333333
6170,17619,17621,2,0.06666666666666667
6170,17622,17623,1,0.03333333333333333
6170,17626,17627,1,0.03333333333333333
6170,17661,17663,2,0.06666666666666667
6170,17669,17670,1,0.03333333333333333
6170,17708,17709,1,0.03333333333333333
6191,17680,17681,1,0.03333333333333333
6191,17731,17732,1,0.03333333333333333
6191,17733,17734,1,0.03333333333333333
6191,17741,17742,1,0.03333333333333333
6191,17743,17744,1,0.03333333333333333
6191,17746,17750,4,0.13333333333333333
6191,17751,17775,24,0.8
6191,17778,17779,1,0.03333333333333333
6191,17781,17802,21,0.7
6207,17724,17726,2,0.06666666666666667
6207,17787,17788,1,0.03333333333333333
6203,17733,17734,1,0.03333333333333333
6210,17773,17778,5,0.16666666666666666
6210,17783,17802,19,0.6333333333333333
6218,17801,17803,2,0.06666666666666667
6184,17802,17805,3,0.1
6214,17803,17805,2,0.06666666666666667
6224,17812,17813,1,0.03333333333333333
6224,17824,17825,1,0.03333333333333333
6224,17941,17945,4,0.13333333333333333
6224,17957,17958,1,0.03333333333333333
6224,17961,17965,4,0.13333333333333333
6224,17966,17968,2,0.06666666666666667
6224,17970,17972,2,0.06666666666666667
6224,17973,17976,3,0.1
6224,17977,17984,7,0.23333333333333334
6223,17841,17842,1,0.03333333333333333
6239,17862,17867,5,0.16666666666666666
6239,17868,17869,1,0.03333333333333333
6271,17968,17969,1,0.03333333333333333
6271,17972,17973,1,0.03333333333333333
6271,17978,17986,8,0.26666666666666666
6271,17990,17994,4,0.13333333333333333
6275,17969,17992,23,0.7666666666666667
6284,17990,17994,4,0.13333333333333333
6196,17996,17997,1,0.03333333333333333
