track_id,lost_frame,found_frame,gap_duration_frames,gap_duration_seconds
13,14,15,1,0.03333333333333333
13,51,52,1,0.03333333333333333
9,16,20,4,0.13333333333333333
5,24,27,3,0.1
5,28,31,3,0.1
5,33,36,3,0.1
5,37,38,1,0.03333333333333333
5,39,54,15,0.5
10,28,30,2,0.06666666666666667
10,32,37,5,0.16666666666666666
10,42,43,1,0.03333333333333333
10,59,60,1,0.03333333333333333
10,66,71,5,0.16666666666666666
10,131,132,1,0.03333333333333333
10,135,142,7,0.23333333333333334
10,154,155,1,0.03333333333333333
10,167,168,1,0.03333333333333333
10,175,178,3,0.1
27,31,33,2,0.06666666666666667
27,36,39,3,0.1
27,50,51,1,0.03333333333333333
27,54,56,2,0.06666666666666667
27,118,120,2,0.06666666666666667
8,34,37,3,0.1
8,59,60,1,0.03333333333333333
8,66,72,6,0.2
8,74,76,2,0.06666666666666667
8,78,193,115,3.8333333333333335
8,252,323,71,2.3666666666666667
8,324,327,3,0.1
8,328,335,7,0.23333333333333334
8,410,411,1,0.03333333333333333
8,415,416,1,0.03333333333333333
8,418,423,5,0.16666666666666666
8,424,427,3,0.1
8,432,476,44,1.4666666666666666
8,485,512,27,0.9
8,546,675,129,4.3
8,677,683,6,0.2
8,685,792,107,3.566666666666667
35,46,47,1,0.03333333333333333
7,48,50,2,0.06666666666666667
11,62,63,1,0.03333333333333333
11,64,67,3,0.1
11,108,111,3,0.1
11,269,275,6,0.2
11,276,277,1,0.03333333333333333
11,289,293,4,0.13333333333333333
11,294,300,6,0.2
11,351,353,2,0.06666666666666667
11,355,356,1,0.03333333333333333
11,571,572,1,0.03333333333333333
11,630,633,3,0.1
11,1013,1014,1,0.03333333333333333
11,1015,1021,6,0.2
11,1026,1031,5,0.16666666666666666
11,1036,1040,4,0.13333333333333333
11,1043,1044,1,0.03333333333333333
11,1046,1047,1,0.03333333333333333
11,1106,1107,1,0.03333333333333333
11,1292,1297,5,0.16666666666666666
11,1301,1309,8,0.26666666666666666
11,1368,1369,1,0.03333333333333333
24,130,133,3,0.1
24,212,213,1,0.03333333333333333
65,225,227,2,0.06666666666666667
65,232,233,1,0.03333333333333333
132,243,245,2,0.06666666666666667
132,310,311,1,0.03333333333333333
171,258,260,2,0.06666666666666667
171,261,264,3,0.1
171,265,267,2,0.06666666666666667
171,353,371,18,0.6
171,374,386,12,0.4
171,389,390,1,0.03333333333333333
161,267,268,1,0.03333333333333333
170,276,277,1,0.03333333333333333
200,324,328,4,0.13333333333333333
200,332,334,2,0.06666666666666667
200,337,338,1,0.03333333333333333
200,340,342,2,0.06666666666666667
200,344,346,2,0.06666666666666667
200,347,348,1,0.03333333333333333
85,347,350,3,0.1
219,400,401,1,0.03333333333333333
219,472,480,8,0.26666666666666666
2,461,463,2,0.06666666666666667
2,1428,1429,1,0.03333333333333333
300,502,506,4,0.13333333333333333
300,573,575,2,0.06666666666666667
300,585,586,1,0.03333333333333333
300,587,590,3,0.1
281,522,523,1,0.03333333333333333
289,566,567,1,0.03333333333333333
289,595,598,3,0.1
289,601,613,12,0.4
289,615,616,1,0.03333333333333333
289,617,623,6,0.2
289,634,637,3,0.1
264,663,664,1,0.03333333333333333
264,672,674,2,0.06666666666666667
264,729,730,1,0.03333333333333333
264,754,762,8,0.26666666666666666
382,699,700,1,0.03333333333333333
305,700,701,1,0.03333333333333333
305,736,737,1,0.03333333333333333
305,818,825,7,0.23333333333333334
305,830,831,1,0.03333333333333333
305,832,834,2,0.06666666666666667
305,835,887,52,1.7333333333333334
305,888,908,20,0.6666666666666666
396,750,751,1,0.03333333333333333
437,870,872,2,0.06666666666666667
472,876,877,1,0.03333333333333333
472,881,882,1,0.03333333333333333
472,887,888,1,0.03333333333333333
472,889,892,3,0.1
472,894,898,4,0.13333333333333333
472,911,912,1,0.03333333333333333
472,970,971,1,0.03333333333333333
472,988,989,1,0.03333333333333333
472,1087,1088,1,0.03333333333333333
486,919,922,3,0.1
486,926,931,5,0.16666666666666666
486,935,942,7,0.23333333333333334
486,944,954,10,0.3333333333333333
486,958,959,1,0.03333333333333333
486,1040,1042,2,0.06666666666666667
486,1043,1046,3,0.1
527,932,934,2,0.06666666666666667
527,935,937,2,0.06666666666666667
527,938,940,2,0.06666666666666667
527,942,943,1,0.03333333333333333
527,944,947,3,0.1
527,949,962,13,0.43333333333333335
527,964,966,2,0.06666666666666667
527,968,973,5,0.16666666666666666
528,943,944,1,0.03333333333333333
528,947,949,2,0.06666666666666667
528,950,954,4,0.13333333333333333
528,956,959,3,0.1
528,961,964,3,0.1
528,966,974,8,0.26666666666666666
528,1034,1035,1,0.03333333333333333
528,1046,1048,2,0.06666666666666667
528,1050,1051,1,0.03333333333333333
528,1062,1063,1,0.03333333333333333
528,1064,1066,2,0.06666666666666667
519,930,947,17,0.5666666666666667
519,949,958,9,0.3
538,979,980,1,0.03333333333333333
538,985,988,3,0.1
538,991,992,1,0.03333333333333333
538,1008,1013,5,0.16666666666666666
494,995,998,3,0.1
494,1004,1007,3,0.1
494,1008,1010,2,0.06666666666666667
494,1013,1014,1,0.03333333333333333
494,1015,1018,3,0.1
494,1019,1034,15,0.5
494,1035,1047,12,0.4
494,1051,1101,50,1.6666666666666667
543,996,1001,5,0.16666666666666666
543,1002,1003,1,0.03333333333333333
543,1110,1111,1,0.03333333333333333
547,1004,1006,2,0.06666666666666667
547,1015,1016,1,0.03333333333333333
547,1095,1096,1,0.03333333333333333
547,1098,1100,2,0.06666666666666667
547,1110,1111,1,0.03333333333333333
545,1008,1009,1,0.03333333333333333
545,1122,1124,2,0.06666666666666667
319,1032,1034,2,0.06666666666666667
319,1035,1036,1,0.03333333333333333
319,1043,1044,1,0.03333333333333333
558,1034,1035,1,0.03333333333333333
558,1036,1043,7,0.23333333333333334
558,1044,1046,2,0.06666666666666667
565,1038,1051,13,0.43333333333333335
565,1084,1086,2,0.06666666666666667
3,1051,1052,1,0.03333333333333333
580,1080,1083,3,0.1
580,1084,1086,2,0.06666666666666667
580,1087,1098,11,0.36666666666666664
580,1099,1114,15,0.5
580,1115,1117,2,0.06666666666666667
580,1119,1120,1,0.03333333333333333
580,1131,1132,1,0.03333333333333333
580,1244,1249,5,0.16666666666666666
577,1083,1084,1,0.03333333333333333
577,1086,1087,1,0.03333333333333333
577,1090,1091,1,0.03333333333333333
577,1092,1094,2,0.06666666666666667
577,1096,1099,3,0.1
577,1102,1103,1,0.03333333333333333
577,1107,1110,3,0.1
577,1111,1115,4,0.13333333333333333
585,1090,1095,5,0.16666666666666666
571,1062,1100,38,1.2666666666666666
571,1111,1114,3,0.1
571,1115,1116,1,0.03333333333333333
522,1102,1111,9,0.3
522,1114,1115,1,0.03333333333333333
522,1116,1117,1,0.03333333333333333
614,1146,1149,3,0.1
614,1161,1164,3,0.1
614,1167,1168,1,0.03333333333333333
614,1287,1288,1,0.03333333333333333
614,1323,1324,1,0.03333333333333333
614,1330,1331,1,0.03333333333333333
614,1332,1333,1,0.03333333333333333
614,1382,1384,2,0.06666666666666667
636,1179,1182,3,0.1
636,1186,1187,1,0.03333333333333333
636,1189,1192,3,0.1
636,1212,1213,1,0.03333333333333333
636,1223,1224,1,0.03333333333333333
636,1241,1242,1,0.03333333333333333
636,1272,1278,6,0.2
636,1284,1285,1,0.03333333333333333
652,1236,1254,18,0.6
652,1255,1256,1,0.03333333333333333
652,1257,1272,15,0.5
652,1273,1275,2,0.06666666666666667
652,1481,1482,1,0.03333333333333333
694,1331,1332,1,0.03333333333333333
697,1372,1373,1,0.03333333333333333
697,1374,1376,2,0.06666666666666667
695,1402,1404,2,0.06666666666666667
695,1466,1482,16,0.5333333333333333
705,1397,1406,9,0.3
714,1412,1413,1,0.03333333333333333
714,1414,1416,2,0.06666666666666667
726,1441,1452,11,0.36666666666666664
726,1461,1464,3,0.1
726,1494,1516,22,0.7333333333333333
713,1464,1465,1,0.03333333333333333
729,1480,1483,3,0.1
729,1495,1519,24,0.8
759,1486,1487,1,0.03333333333333333
759,1498,1503,5,0.16666666666666666
759,1506,1508,2,0.06666666666666667
759,1512,1516,4,0.13333333333333333
759,1518,1520,2,0.06666666666666667
759,1522,1523,1,0.03333333333333333
759,1590,1592,2,0.06666666666666667
759,1606,1607,1,0.03333333333333333
759,1615,1616,1,0.03333333333333333
710,1494,1495,1,0.03333333333333333
710,1515,1516,1,0.03333333333333333
710,1558,1559,1,0.03333333333333333
710,1560,1562,2,0.06666666666666667
772,1511,1513,2,0.06666666666666667
756,1514,1515,1,0.03333333333333333
792,1530,1539,9,0.3
792,1542,1544,2,0.06666666666666667
792,1547,1549,2,0.06666666666666667
792,1551,1552,1,0.03333333333333333
792,1554,1559,5,0.16666666666666666
792,1560,1561,1,0.03333333333333333
792,1567,1568,1,0.03333333333333333
4,1544,1546,2,0.06666666666666667
4,1551,1552,1,0.03333333333333333
4,3264,3265,1,0.03333333333333333
4,3273,3276,3,0.1
807,1554,1555,1,0.03333333333333333
834,1578,1579,1,0.03333333333333333
834,1582,1587,5,0.16666666666666666
834,1598,1600,2,0.06666666666666667
834,1636,1638,2,0.06666666666666667
888,1690,1691,1,0.03333333333333333
895,1691,1695,4,0.13333333333333333
895,1706,1710,4,0.13333333333333333
895,1711,1712,1,0.03333333333333333
895,1722,1723,1,0.03333333333333333
895,1726,1727,1,0.03333333333333333
895,1744,1745,1,0.03333333333333333
895,1751,1753,2,0.06666666666666667
895,1757,1759,2,0.06666666666666667
895,1760,1761,1,0.03333333333333333
895,1765,1766,1,0.03333333333333333
895,1771,1772,1,0.03333333333333333
895,1781,1808,27,0.9
895,1856,1862,6,0.2
903,1708,1725,17,0.5666666666666667
903,1726,1744,18,0.6
903,1745,1751,6,0.2
903,1753,1757,4,0.13333333333333333
903,1759,1760,1,0.03333333333333333
906,1741,1756,15,0.5
906,1757,1770,13,0.43333333333333335
906,1771,1772,1,0.03333333333333333
906,1781,1784,3,0.1
906,1785,1787,2,0.06666666666666667
906,1793,1796,3,0.1
929,1790,1793,3,0.1
929,1795,1796,1,0.03333333333333333
933,1820,1874,54,1.8
933,1876,1877,1,0.03333333333333333
950,1881,1883,2,0.06666666666666667
950,1885,1898,13,0.43333333333333335
953,1883,1884,1,0.03333333333333333
953,1961,1963,2,0.06666666666666667
966,1884,1885,1,0.03333333333333333
966,1898,1901,3,0.1
966,1956,1961,5,0.16666666666666666
966,1973,1976,3,0.1
966,2018,2021,3,0.1
966,2034,2035,1,0.03333333333333333
966,2036,2038,2,0.06666666666666667
997,1908,1909,1,0.03333333333333333
1013,1932,1936,4,0.13333333333333333
1032,1951,1956,5,0.16666666666666666
1046,1988,1989,1,0.03333333333333333
1062,2014,2015,1,0.03333333333333333
1062,2016,2029,13,0.43333333333333335
1062,2030,2036,6,0.2
931,2017,2021,4,0.13333333333333333
1081,2033,2037,4,0.13333333333333333
1081,2041,2043,2,0.06666666666666667
1081,2069,2071,2,0.06666666666666667
1104,2042,2044,2,0.06666666666666667
1104,2049,2050,1,0.03333333333333333
1104,2073,2082,9,0.3
1104,2085,2086,1,0.03333333333333333
1104,2114,2118,4,0.13333333333333333
1109,2066,2068,2,0.06666666666666667
1109,2070,2073,3,0.1
1109,2074,2076,2,0.06666666666666667
1109,2078,2081,3,0.1
1126,2096,2097,1,0.03333333333333333
1126,2098,2100,2,0.06666666666666667
737,2269,2272,3,0.1
737,2274,2282,8,0.26666666666666666
737,2284,2286,2,0.06666666666666667
737,2290,2508,218,7.266666666666667
737,2509,2510,1,0.03333333333333333
737,2512,2520,8,0.26666666666666666
737,3435,3445,10,0.3333333333333333
737,3932,3944,12,0.4
737,4115,4117,2,0.06666666666666667
737,4238,4239,1,0.03333333333333333
737,4241,4244,3,0.1
737,4263,4266,3,0.1
737,4272,4277,5,0.16666666666666666
737,4278,4282,4,0.13333333333333333
737,4284,4285,1,0.03333333333333333
737,4290,4291,1,0.03333333333333333
737,4344,4350,6,0.2
737,4354,4356,2,0.06666666666666667
737,4358,4361,3,0.1
1169,2297,2298,1,0.03333333333333333
1169,2304,2310,6,0.2
1169,2314,2321,7,0.23333333333333334
1138,2340,2341,1,0.03333333333333333
1138,2398,2399,1,0.03333333333333333
1138,2402,2403,1,0.03333333333333333
1138,2406,2411,5,0.16666666666666666
1186,2346,2347,1,0.03333333333333333
1183,2347,2352,5,0.16666666666666666
1183,2358,2361,3,0.1
1183,2366,2368,2,0.06666666666666667
1183,2373,2374,1,0.03333333333333333
1183,2384,2385,1,0.03333333333333333
1183,2388,2389,1,0.03333333333333333
1183,2406,2407,1,0.03333333333333333
1183,2417,2427,10,0.3333333333333333
1188,2385,2386,1,0.03333333333333333
1188,2388,2389,1,0.03333333333333333
1188,2402,2405,3,0.1
1188,2439,2441,2,0.06666666666666667
1188,2442,2447,5,0.16666666666666666
1188,2512,2514,2,0.06666666666666667
1203,2394,2402,8,0.26666666666666666
1203,2403,2405,2,0.06666666666666667
1203,2407,2429,22,0.7333333333333333
1203,2433,2434,1,0.03333333333333333
1225,2403,2406,3,0.1
1225,2409,2410,1,0.03333333333333333
1225,2411,2413,2,0.06666666666666667
1225,2414,2415,1,0.03333333333333333
1225,2427,2430,3,0.1
1231,2414,2415,1,0.03333333333333333
1231,2437,2439,2,0.06666666666666667
1231,2445,2447,2,0.06666666666666667
1246,2424,2427,3,0.1
1246,2441,2442,1,0.03333333333333333
1246,2445,2447,2,0.06666666666666667
1246,2466,2469,3,0.1
1246,2484,2485,1,0.03333333333333333
1246,2509,2510,1,0.03333333333333333
1246,2514,2521,7,0.23333333333333334
1246,2536,2539,3,0.1
1246,2558,2563,5,0.16666666666666666
1246,2591,2592,1,0.03333333333333333
1246,2607,2610,3,0.1
1232,2429,2433,4,0.13333333333333333
1275,2493,2494,1,0.03333333333333333
1275,2495,2497,2,0.06666666666666667
1275,2499,2501,2,0.06666666666666667
1275,2502,2506,4,0.13333333333333333
1282,2506,2507,1,0.03333333333333333
1282,2509,2511,2,0.06666666666666667
1282,2515,2516,1,0.03333333333333333
1282,2559,2560,1,0.03333333333333333
1268,2494,2510,16,0.5333333333333333
1326,2582,2583,1,0.03333333333333333
1326,2584,2586,2,0.06666666666666667
1326,2587,2588,1,0.03333333333333333
1326,2590,2595,5,0.16666666666666666
1326,2596,2604,8,0.26666666666666666
1330,2591,2594,3,0.1
1330,2595,2598,3,0.1
1330,2604,2605,1,0.03333333333333333
1330,2659,2660,1,0.03333333333333333
1330,2668,2671,3,0.1
1211,2392,2623,231,7.7
1211,2630,2632,2,0.06666666666666667
1211,2638,2639,1,0.03333333333333333
1211,2641,2643,2,0.06666666666666667
1211,2644,2648,4,0.13333333333333333
1211,2651,2652,1,0.03333333333333333
1211,2653,2668,15,0.5
1211,2671,2689,18,0.6
1211,2691,2741,50,1.6666666666666667
1211,2743,2747,4,0.13333333333333333
1211,2749,2751,2,0.06666666666666667
1211,2753,2822,69,2.3
1211,2852,2887,35,1.1666666666666667
1211,2888,2979,91,3.033333333333333
1211,2998,3001,3,0.1
1341,2641,2642,1,0.03333333333333333
1341,2643,2644,1,0.03333333333333333
1341,2646,2653,7,0.23333333333333334
1341,2768,2769,1,0.03333333333333333
1365,2693,2695,2,0.06666666666666667
1365,2717,2718,1,0.03333333333333333
1365,2745,2747,2,0.06666666666666667
1364,2695,2696,1,0.03333333333333333
1364,2700,2701,1,0.03333333333333333
1364,2743,2744,1,0.03333333333333333
1364,2762,2765,3,0.1
1364,2773,2774,1,0.03333333333333333
1364,2782,2784,2,0.06666666666666667
1364,2801,2810,9,0.3
1364,2812,2813,1,0.03333333333333333
1364,2819,2820,1,0.03333333333333333
1364,2836,2837,1,0.03333333333333333
1364,2839,2840,1,0.03333333333333333
1366,2695,2696,1,0.03333333333333333
1366,2697,2717,20,0.6666666666666666
1367,2695,2696,1,0.03333333333333333
1464,2888,2889,1,0.03333333333333333
1464,2902,2904,2,0.06666666666666667
1474,2906,2909,3,0.1
1474,2939,2941,2,0.06666666666666667
1474,2955,2958,3,0.1
1474,2966,2967,1,0.03333333333333333
1513,2974,2975,1,0.03333333333333333
1513,2990,2995,5,0.16666666666666666
1513,3001,3002,1,0.03333333333333333
1513,3085,3086,1,0.03333333333333333
1521,2994,2995,1,0.03333333333333333
1521,2997,2998,1,0.03333333333333333
1516,2994,2997,3,0.1
1516,2998,3003,5,0.16666666666666666
1522,3003,3005,2,0.06666666666666667
1522,3009,3010,1,0.03333333333333333
1522,3014,3015,1,0.03333333333333333
1522,3035,3036,1,0.03333333333333333
1522,3051,3053,2,0.06666666666666667
1522,3073,3076,3,0.1
1522,3077,3078,1,0.03333333333333333
1502,3013,3014,1,0.03333333333333333
1502,3034,3035,1,0.03333333333333333
1502,3045,3048,3,0.1
1502,3055,3058,3,0.1
1502,3072,3073,1,0.03333333333333333
1544,3035,3036,1,0.03333333333333333
1544,3125,3126,1,0.03333333333333333
1544,3136,3137,1,0.03333333333333333
1544,3161,3162,1,0.03333333333333333
1584,3269,3271,2,0.06666666666666667
1584,3274,3277,3,0.1
1584,3278,3323,45,1.5
1585,3274,3288,14,0.4666666666666667
1585,3298,3300,2,0.06666666666666667
1585,3307,3309,2,0.06666666666666667
1585,3311,3312,1,0.03333333333333333
1585,3322,3325,3,0.1
1585,3334,3336,2,0.06666666666666667
1585,3341,3342,1,0.03333333333333333
1585,3355,3360,5,0.16666666666666666
1585,3361,3362,1,0.03333333333333333
1585,3374,3375,1,0.03333333333333333
1590,3289,3290,1,0.03333333333333333
1590,3292,3295,3,0.1
1590,3297,3298,1,0.03333333333333333
1583,3305,3306,1,0.03333333333333333
1583,3313,3314,1,0.03333333333333333
1583,3325,3327,2,0.06666666666666667
1583,3328,3329,1,0.03333333333333333
1583,3334,3336,2,0.06666666666666667
1583,3355,3359,4,0.13333333333333333
1592,3326,3331,5,0.16666666666666666
1592,3333,3334,1,0.03333333333333333
1592,3369,3370,1,0.03333333333333333
1592,3401,3405,4,0.13333333333333333
1592,3406,3408,2,0.06666666666666667
1592,3420,3422,2,0.06666666666666667
1592,3424,3428,4,0.13333333333333333
1592,3435,3436,1,0.03333333333333333
1592,3438,3439,1,0.03333333333333333
1592,3449,3450,1,0.03333333333333333
1592,3455,3459,4,0.13333333333333333
1592,3467,3468,1,0.03333333333333333
1592,3471,3472,1,0.03333333333333333
1592,3473,3474,1,0.03333333333333333
1592,3481,3483,2,0.06666666666666667
1592,3484,3485,1,0.03333333333333333
1592,3486,3488,2,0.06666666666666667
1592,3495,3502,7,0.23333333333333334
1592,3503,3504,1,0.03333333333333333
1592,3507,3509,2,0.06666666666666667
1592,3517,3519,2,0.06666666666666667
1592,3524,3526,2,0.06666666666666667
1592,3533,3534,1,0.03333333333333333
1592,3537,3542,5,0.16666666666666666
1592,3544,3545,1,0.03333333333333333
1615,3336,3337,1,0.03333333333333333
1615,3358,3359,1,0.03333333333333333
1615,3573,3575,2,0.06666666666666667
1615,3602,3603,1,0.03333333333333333
1615,3618,3620,2,0.06666666666666667
1615,3627,3628,1,0.03333333333333333
1615,3629,3631,2,0.06666666666666667
1615,3672,3673,1,0.03333333333333333
1654,3370,3371,1,0.03333333333333333
1654,3401,3402,1,0.03333333333333333
1654,3403,3405,2,0.06666666666666667
1654,3434,3435,1,0.03333333333333333
1654,3459,3460,1,0.03333333333333333
1660,3389,3390,1,0.03333333333333333
1649,3386,3410,24,0.8
1649,3411,3415,4,0.13333333333333333
1649,3416,3419,3,0.1
1649,3426,3427,1,0.03333333333333333
1649,3430,3432,2,0.06666666666666667
1649,3441,3443,2,0.06666666666666667
1649,3456,3460,4,0.13333333333333333
1649,3461,3464,3,0.1
1649,3466,3467,1,0.03333333333333333
1649,3469,3471,2,0.06666666666666667
1707,3443,3444,1,0.03333333333333333
1707,3452,3456,4,0.13333333333333333
1707,3462,3479,17,0.5666666666666667
744,3451,3452,1,0.03333333333333333
744,4595,4598,3,0.1
744,6687,6692,5,0.16666666666666666
744,7716,7717,1,0.03333333333333333
1689,3463,3466,3,0.1
1689,3471,3474,3,0.1
1689,3487,3506,19,0.6333333333333333
1689,3507,3510,3,0.1
1736,3483,3484,1,0.03333333333333333
1736,3485,3486,1,0.03333333333333333
1736,3487,3539,52,1.7333333333333334
1735,3499,3500,1,0.03333333333333333
771,3514,3515,1,0.03333333333333333
1762,3516,3517,1,0.03333333333333333
1764,3521,3522,1,0.03333333333333333
1778,3556,3557,1,0.03333333333333333
1778,3575,3576,1,0.03333333333333333
1778,3580,3581,1,0.03333333333333333
1778,3601,3603,2,0.06666666666666667
1778,3605,3606,1,0.03333333333333333
1778,3666,3668,2,0.06666666666666667
1778,3687,3688,1,0.03333333333333333
1778,3690,3691,1,0.03333333333333333
1778,3692,3693,1,0.03333333333333333
1610,3561,3567,6,0.2
1817,3575,3577,2,0.06666666666666667
1832,3585,3587,2,0.06666666666666667
1832,3588,3592,4,0.13333333333333333
1832,3600,3601,1,0.03333333333333333
1863,3616,3618,2,0.06666666666666667
1863,3620,3621,1,0.03333333333333333
1863,3625,3626,1,0.03333333333333333
1871,3625,3627,2,0.06666666666666667
1871,3628,3629,1,0.03333333333333333
1871,3631,3633,2,0.06666666666666667
1878,3640,3650,10,0.3333333333333333
1878,3669,3671,2,0.06666666666666667
1878,3680,3682,2,0.06666666666666667
1878,3738,3739,1,0.03333333333333333
1878,3740,3742,2,0.06666666666666667
1878,3748,3750,2,0.06666666666666667
1874,3668,3669,1,0.03333333333333333
1884,3683,3685,2,0.06666666666666667
1884,3686,3687,1,0.03333333333333333
1884,3688,3691,3,0.1
1884,3703,3704,1,0.03333333333333333
1884,3762,3763,1,0.03333333333333333
1902,3686,3687,1,0.03333333333333333
1902,3743,3745,2,0.06666666666666667
1902,3747,3748,1,0.03333333333333333
1902,3751,3752,1,0.03333333333333333
1902,3759,3769,10,0.3333333333333333
1917,3726,3733,7,0.23333333333333334
1917,3738,3739,1,0.03333333333333333
1917,3745,3750,5,0.16666666666666666
1947,3794,3813,19,0.6333333333333333
1947,3814,3833,19,0.6333333333333333
1973,3852,3853,1,0.03333333333333333
1973,3856,3860,4,0.13333333333333333
1983,3866,3871,5,0.16666666666666666
1983,3875,3876,1,0.03333333333333333
1983,3879,3887,8,0.26666666666666666
1996,3884,3886,2,0.06666666666666667
1996,4016,4018,2,0.06666666666666667
2014,3912,3915,3,0.1
2014,3926,3968,42,1.4
2014,3970,3973,3,0.1
2014,3974,3975,1,0.03333333333333333
2014,3978,3979,1,0.03333333333333333
2014,3982,3985,3,0.1
2032,3934,3937,3,0.1
2032,3939,3951,12,0.4
2032,3953,3954,1,0.03333333333333333
2032,4015,4019,4,0.13333333333333333
1025,3738,4001,263,8.766666666666667
1025,4004,4123,119,3.966666666666667
1025,4128,4137,9,0.3
1025,4142,4148,6,0.2
1025,4150,4539,389,12.966666666666667
1025,4540,4592,52,1.7333333333333334
1025,4594,4596,2,0.06666666666666667
1025,4598,4603,5,0.16666666666666666
1025,4604,4607,3,0.1
1025,4608,4691,83,2.7666666666666666
1025,4694,4696,2,0.06666666666666667
1025,4775,4776,1,0.03333333333333333
1025,4783,4833,50,1.6666666666666667
1025,4880,4888,8,0.26666666666666666
1025,4889,4890,1,0.03333333333333333
1025,4894,4895,1,0.03333333333333333
1025,4896,4944,48,1.6
1025,4945,4946,1,0.03333333333333333
1025,4947,4982,35,1.1666666666666667
1025,4997,5018,21,0.7
1025,5022,5328,306,10.2
1025,5330,5649,319,10.633333333333333
1025,5654,6302,648,21.6
1025,6312,6313,1,0.03333333333333333
1025,6338,6463,125,4.166666666666667
1025,6491,6544,53,1.7666666666666666
1025,6545,6549,4,0.13333333333333333
1025,6551,6556,5,0.16666666666666666
1025,6557,6564,7,0.23333333333333334
1025,6565,6570,5,0.16666666666666666
1025,6571,6573,2,0.06666666666666667
1025,6576,6577,1,0.03333333333333333
1025,6647,6678,31,1.0333333333333334
1025,6679,6687,8,0.26666666666666666
1025,6692,6714,22,0.7333333333333333
1025,6764,6775,11,0.36666666666666664
1025,6777,6783,6,0.2
1025,6787,6788,1,0.03333333333333333
1025,6789,6790,1,0.03333333333333333
1025,6803,6839,36,1.2
1025,6884,6885,1,0.03333333333333333
1025,6886,6892,6,0.2
1025,6896,6899,3,0.1
1025,6900,6904,4,0.13333333333333333
1025,6908,6927,19,0.6333333333333333
1025,6928,6931,3,0.1
1025,6943,7122,179,5.966666666666667
1025,7126,7129,3,0.1
1025,7141,7144,3,0.1
1025,7146,7220,74,2.466666666666667
1025,7222,7279,57,1.9
1025,7281,7304,23,0.7666666666666667
1025,7386,7449,63,2.1
1025,7767,7769,2,0.06666666666666667
1025,7771,7774,3,0.1
1025,7777,7779,2,0.06666666666666667
1025,7782,7835,53,1.7666666666666666
1025,7837,7838,1,0.03333333333333333
1025,7844,7846,2,0.06666666666666667
1025,7863,7871,8,0.26666666666666666
1025,7881,7987,106,3.533333333333333
1025,7989,7991,2,0.06666666666666667
1025,7995,8023,28,0.9333333333333333
1025,8032,8037,5,0.16666666666666666
1025,8038,8039,1,0.03333333333333333
1025,8096,8102,6,0.2
1025,8125,8126,1,0.03333333333333333
1025,8140,8143,3,0.1
1025,8147,8148,1,0.03333333333333333
1025,8155,8156,1,0.03333333333333333
1025,8225,8433,208,6.933333333333334
1025,8435,8469,34,1.1333333333333333
1025,8472,8474,2,0.06666666666666667
1025,8475,8489,14,0.4666666666666667
1025,8490,8491,1,0.03333333333333333
1025,8496,8519,23,0.7666666666666667
1025,8547,8594,47,1.5666666666666667
1025,8598,8602,4,0.13333333333333333
1025,8603,8611,8,0.26666666666666666
1025,8612,8622,10,0.3333333333333333
1025,8623,8636,13,0.43333333333333335
1025,8652,8656,4,0.13333333333333333
1025,8659,8693,34,1.1333333333333333
1025,8694,8717,23,0.7666666666666667
1025,8718,8720,2,0.06666666666666667
1025,8721,8723,2,0.06666666666666667
1025,8724,8725,1,0.03333333333333333
1025,8753,8765,12,0.4
1025,8770,8772,2,0.06666666666666667
1025,8800,8820,20,0.6666666666666666
1025,8822,8837,15,0.5
1025,8865,8868,3,0.1
1025,8870,8886,16,0.5333333333333333
1025,8888,8894,6,0.2
1025,8895,8902,7,0.23333333333333334
1025,8905,8966,61,2.033333333333333
1025,8974,8999,25,0.8333333333333334
1025,9011,9029,18,0.6
1025,9035,9044,9,0.3
1025,9045,9049,4,0.13333333333333333
1025,9050,9052,2,0.06666666666666667
1025,9073,9074,1,0.03333333333333333
1025,9076,9119,43,1.4333333333333333
1025,9182,9201,19,0.6333333333333333
1025,9202,9209,7,0.23333333333333334
1025,9215,9216,1,0.03333333333333333
1025,9324,9340,16,0.5333333333333333
1025,9354,9435,81,2.7
1025,9438,9454,16,0.5333333333333333
1025,9455,9458,3,0.1
1025,9491,9492,1,0.03333333333333333
1025,9495,9501,6,0.2
1025,9506,9508,2,0.06666666666666667
1025,9523,9534,11,0.36666666666666664
1025,9546,9547,1,0.03333333333333333
1025,9589,9590,1,0.03333333333333333
1025,9593,9595,2,0.06666666666666667
1025,9692,9742,50,1.6666666666666667
1025,9744,9746,2,0.06666666666666667
1025,9762,9764,2,0.06666666666666667
1025,9765,9770,5,0.16666666666666666
1025,9774,9777,3,0.1
1025,9781,9782,1,0.03333333333333333
1025,9790,9792,2,0.06666666666666667
1025,9872,9877,5,0.16666666666666666
1025,9920,10001,81,2.7
1025,10029,10057,28,0.9333333333333333
1025,10099,10118,19,0.6333333333333333
1025,10139,10140,1,0.03333333333333333
1025,10150,10151,1,0.03333333333333333
1025,10152,10159,7,0.23333333333333334
1025,10160,10166,6,0.2
1025,10170,10183,13,0.43333333333333335
1025,10249,10258,9,0.3
1025,10260,10261,1,0.03333333333333333
1025,10263,10264,1,0.03333333333333333
1025,10265,10272,7,0.23333333333333334
1025,10279,10285,6,0.2
1025,10299,10303,4,0.13333333333333333
1025,10307,10313,6,0.2
1025,10316,10317,1,0.03333333333333333
1025,10340,10349,9,0.3
1025,10365,10402,37,1.2333333333333334
1025,10409,10413,4,0.13333333333333333
1025,10416,10417,1,0.03333333333333333
1025,10440,10463,23,0.7666666666666667
1025,10466,10491,25,0.8333333333333334
1025,10494,10501,7,0.23333333333333334
1025,10502,10504,2,0.06666666666666667
1025,10509,10514,5,0.16666666666666666
1025,10516,10521,5,0.16666666666666666
1025,10523,10524,1,0.03333333333333333
1025,10526,10544,18,0.6
1025,10545,10546,1,0.03333333333333333
1025,10548,10549,1,0.03333333333333333
1025,10556,10557,1,0.03333333333333333
2048,4012,4014,2,0.06666666666666667
2048,4016,4018,2,0.06666666666666667
2059,4015,4016,1,0.03333333333333333
2066,4016,4028,12,0.4
2072,4026,4031,5,0.16666666666666666
2072,4032,4033,1,0.03333333333333333
2075,4056,4057,1,0.03333333333333333
2075,4058,4074,16,0.5333333333333333
2075,4108,4111,3,0.1
2090,4094,4171,77,2.566666666666667
2090,4178,4179,1,0.03333333333333333
2090,4180,4213,33,1.1
2090,4217,4219,2,0.06666666666666667
2090,4291,4302,11,0.36666666666666664
2090,4303,4308,5,0.16666666666666666
2090,4310,4322,12,0.4
2090,4325,4327,2,0.06666666666666667
2114,4207,4208,1,0.03333333333333333
2114,4263,4264,1,0.03333333333333333
2114,4266,4267,1,0.03333333333333333
2114,4270,4271,1,0.03333333333333333
2150,4232,4251,19,0.6333333333333333
2150,4252,4263,11,0.36666666666666664
2097,4251,4252,1,0.03333333333333333
2097,4254,4255,1,0.03333333333333333
2160,4255,4258,3,0.1
2165,4275,4276,1,0.03333333333333333
2162,4288,4291,3,0.1
2162,4292,4304,12,0.4
2162,4306,4325,19,0.6333333333333333
2162,4326,4327,1,0.03333333333333333
2162,4337,4344,7,0.23333333333333334
2162,4346,4350,4,0.13333333333333333
2162,4351,4353,2,0.06666666666666667
2162,4354,4356,2,0.06666666666666667
2162,4357,4363,6,0.2
2162,4460,4461,1,0.03333333333333333
2162,4464,4465,1,0.03333333333333333
2162,4485,4488,3,0.1
2162,4489,4491,2,0.06666666666666667
2162,4494,4498,4,0.13333333333333333
2162,4508,4509,1,0.03333333333333333
2162,4512,4513,1,0.03333333333333333
2162,4530,4531,1,0.03333333333333333
2162,4533,4534,1,0.03333333333333333
2162,4570,4574,4,0.13333333333333333
2162,4624,4625,1,0.03333333333333333
2162,4627,4629,2,0.06666666666666667
2162,4631,4632,1,0.03333333333333333
2162,4637,4641,4,0.13333333333333333
2162,4748,4749,1,0.03333333333333333
2127,4287,4294,7,0.23333333333333334
2127,4296,4300,4,0.13333333333333333
2127,4306,4307,1,0.03333333333333333
2140,4291,4310,19,0.6333333333333333
2140,4314,4317,3,0.1
2187,4327,4328,1,0.03333333333333333
2187,4330,4343,13,0.43333333333333335
2187,4344,4345,1,0.03333333333333333
2187,4346,4349,3,0.1
2187,4353,4354,1,0.03333333333333333
2187,4378,4381,3,0.1
2187,4382,4388,6,0.2
2187,4389,4392,3,0.1
2187,4398,4405,7,0.23333333333333334
2187,4408,4409,1,0.03333333333333333
2187,4413,4428,15,0.5
2187,4432,4438,6,0.2
2187,4448,4456,8,0.26666666666666666
2185,4347,4350,3,0.1
2185,4360,4362,2,0.06666666666666667
2198,4356,4357,1,0.03333333333333333
2198,4361,4364,3,0.1
2198,4365,4366,1,0.03333333333333333
2198,4372,4373,1,0.03333333333333333
2198,4380,4381,1,0.03333333333333333
2198,4382,4384,2,0.06666666666666667
2198,4385,4386,1,0.03333333333333333
2198,4656,4663,7,0.23333333333333334
2223,4364,4365,1,0.03333333333333333
2223,4366,4380,14,0.4666666666666667
2182,4373,4376,3,0.1
2182,4381,4386,5,0.16666666666666666
2182,4388,4390,2,0.06666666666666667
2182,4392,4396,4,0.13333333333333333
2218,4377,4378,1,0.03333333333333333
2231,4394,4400,6,0.2
2226,4401,4404,3,0.1
2226,4453,4454,1,0.03333333333333333
2226,4457,4500,43,1.4333333333333333
2226,4501,4502,1,0.03333333333333333
2226,4514,4536,22,0.7333333333333333
2226,4540,4541,1,0.03333333333333333
2226,4543,4548,5,0.16666666666666666
2226,4550,4552,2,0.06666666666666667
2226,4644,4652,8,0.26666666666666666
2226,4653,4656,3,0.1
2226,5019,5023,4,0.13333333333333333
2226,5181,5185,4,0.13333333333333333
2226,5194,5199,5,0.16666666666666666
2226,5202,5206,4,0.13333333333333333
2226,5266,5267,1,0.03333333333333333
2226,5268,5271,3,0.1
2226,5282,5283,1,0.03333333333333333
2226,5284,5286,2,0.06666666666666667
2226,5290,5311,21,0.7
2226,5318,5330,12,0.4
2226,5332,5365,33,1.1
2226,5368,5475,107,3.566666666666667
2226,5476,5478,2,0.06666666666666667
2226,5479,5526,47,1.5666666666666667
2226,5533,5556,23,0.7666666666666667
2226,5683,5765,82,2.7333333333333334
2226,5766,5767,1,0.03333333333333333
2226,5772,5847,75,2.5
2226,5849,5962,113,3.7666666666666666
2226,5974,5977,3,0.1
2226,5982,5984,2,0.06666666666666667
2226,5986,5987,1,0.03333333333333333
2226,5989,5992,3,0.1
2226,5998,6072,74,2.466666666666667
2226,6073,6074,1,0.03333333333333333
2226,6075,6084,9,0.3
2226,6085,6088,3,0.1
2226,6089,6090,1,0.03333333333333333
2226,6096,6106,10,0.3333333333333333
2226,6107,6108,1,0.03333333333333333
2226,6109,6118,9,0.3
2226,6121,6125,4,0.13333333333333333
2226,6199,6209,10,0.3333333333333333
2250,4405,4416,11,0.36666666666666664
2250,4422,4424,2,0.06666666666666667
2247,4421,4422,1,0.03333333333333333
2247,4446,4448,2,0.06666666666666667
2247,4451,4458,7,0.23333333333333334
2247,4461,4471,10,0.3333333333333333
2247,4472,4473,1,0.03333333333333333
2247,4516,4517,1,0.03333333333333333
2247,4518,4522,4,0.13333333333333333
2288,4448,4449,1,0.03333333333333333
762,4452,4460,8,0.26666666666666666
762,4473,4475,2,0.06666666666666667
762,4706,4708,2,0.06666666666666667
762,8702,8704,2,0.06666666666666667
762,8705,8708,3,0.1
762,10190,10191,1,0.03333333333333333
762,10192,10196,4,0.13333333333333333
762,10234,10235,1,0.03333333333333333
762,10236,10242,6,0.2
762,10309,10310,1,0.03333333333333333
762,10311,10319,8,0.26666666666666666
762,10350,10355,5,0.16666666666666666
762,10401,10402,1,0.03333333333333333
2313,4477,4478,1,0.03333333333333333
2313,5036,5038,2,0.06666666666666667
2358,4543,4545,2,0.06666666666666667
2358,4546,4554,8,0.26666666666666666
2358,4558,4560,2,0.06666666666666667
2358,4561,4562,1,0.03333333333333333
2358,4563,4564,1,0.03333333333333333
2358,4566,4567,1,0.03333333333333333
2324,4499,4557,58,1.9333333333333333
2324,4558,4562,4,0.13333333333333333
2324,4564,4619,55,1.8333333333333333
2324,4620,4651,31,1.0333333333333334
2324,4654,4655,1,0.03333333333333333
2324,4657,4693,36,1.2
2324,4697,4706,9,0.3
2324,4820,4826,6,0.2
2324,4894,4898,4,0.13333333333333333
2324,4900,4933,33,1.1
2324,4942,4943,1,0.03333333333333333
2324,4944,4963,19,0.6333333333333333
2324,4984,4985,1,0.03333333333333333
2324,4990,4993,3,0.1
2324,4999,5001,2,0.06666666666666667
2324,5030,5032,2,0.06666666666666667
2324,5033,5034,1,0.03333333333333333
2324,5037,5038,1,0.03333333333333333
2324,5043,5120,77,2.566666666666667
2324,5134,5260,126,4.2
2324,5262,5289,27,0.9
2324,5291,5298,7,0.23333333333333334
2324,5299,5303,4,0.13333333333333333
2324,5334,5335,1,0.03333333333333333
2324,5383,5388,5,0.16666666666666666
2324,5389,5390,1,0.03333333333333333
2324,5436,5443,7,0.23333333333333334
2324,5445,5446,1,0.03333333333333333
2324,5451,5452,1,0.03333333333333333
2324,5455,5456,1,0.03333333333333333
2324,5507,5512,5,0.16666666666666666
2324,5540,5542,2,0.06666666666666667
2324,5572,5574,2,0.06666666666666667
2324,5576,5579,3,0.1
2324,5580,5591,11,0.36666666666666664
2324,5620,5623,3,0.1
2324,6283,6300,17,0.5666666666666667
2324,6302,6307,5,0.16666666666666666
2324,6328,6350,22,0.7333333333333333
2324,6420,6448,28,0.9333333333333333
2324,6515,6517,2,0.06666666666666667
2324,6520,6521,1,0.03333333333333333
2324,6528,6536,8,0.26666666666666666
2324,6537,6544,7,0.23333333333333334
2324,6561,6564,3,0.1
2324,6565,6577,12,0.4
2324,6580,6581,1,0.03333333333333333
2324,6585,6622,37,1.2333333333333334
2324,6675,6677,2,0.06666666666666667
2324,6678,6766,88,2.933333333333333
2324,6769,6774,5,0.16666666666666666
2324,6875,6876,1,0.03333333333333333
2324,6878,6904,26,0.8666666666666667
2324,6907,6910,3,0.1
2324,6914,6930,16,0.5333333333333333
2324,6950,6955,5,0.16666666666666666
2324,6956,6960,4,0.13333333333333333
2324,6962,7055,93,3.1
2324,7060,7062,2,0.06666666666666667
2324,7063,7064,1,0.03333333333333333
2324,7071,7076,5,0.16666666666666666
2324,7077,7078,1,0.03333333333333333
2324,7086,7111,25,0.8333333333333334
2383,4619,4620,1,0.03333333333333333
2383,4622,4624,2,0.06666666666666667
2383,4628,4641,13,0.43333333333333335
2383,4642,4643,1,0.03333333333333333
2383,4644,4645,1,0.03333333333333333
2383,4665,4667,2,0.06666666666666667
2403,4637,4646,9,0.3
2403,4650,4651,1,0.03333333333333333
2403,4652,4653,1,0.03333333333333333
2403,4655,4656,1,0.03333333333333333
2403,4663,4664,1,0.03333333333333333
2403,4669,4670,1,0.03333333333333333
2403,4672,4676,4,0.13333333333333333
2403,4679,4680,1,0.03333333333333333
2412,4663,4668,5,0.16666666666666666
2412,4672,4673,1,0.03333333333333333
2412,4675,4676,1,0.03333333333333333
2415,4663,4668,5,0.16666666666666666
2416,4667,4668,1,0.03333333333333333
2416,4713,4745,32,1.0666666666666667
2419,4676,4697,21,0.7
2436,4729,4730,1,0.03333333333333333
2436,4734,4737,3,0.1
2433,4713,4734,21,0.7
2433,4735,4736,1,0.03333333333333333
2460,4724,4752,28,0.9333333333333333
2460,4753,4769,16,0.5333333333333333
2460,4771,4772,1,0.03333333333333333
2460,4781,4783,2,0.06666666666666667
2460,4857,4860,3,0.1
2460,4868,4870,2,0.06666666666666667
2460,4872,4873,1,0.03333333333333333
2503,4775,4783,8,0.26666666666666666
2503,4854,4855,1,0.03333333333333333
2503,4869,4870,1,0.03333333333333333
2503,4885,4886,1,0.03333333333333333
2503,4903,4904,1,0.03333333333333333
2514,4795,4796,1,0.03333333333333333
2511,4795,4809,14,0.4666666666666667
2511,4814,4841,27,0.9
2511,4842,4843,1,0.03333333333333333
2511,4849,4851,2,0.06666666666666667
2511,4852,4853,1,0.03333333333333333
2511,4854,4861,7,0.23333333333333334
2511,4865,4866,1,0.03333333333333333
2511,4876,4879,3,0.1
2511,4930,4932,2,0.06666666666666667
2511,4933,4934,1,0.03333333333333333
2470,4769,4814,45,1.5
2470,4836,4986,150,5.0
2470,4987,4988,1,0.03333333333333333
2470,5000,5001,1,0.03333333333333333
2515,4830,4832,2,0.06666666666666667
2521,4858,4860,2,0.06666666666666667
2507,4801,4876,75,2.5
2550,4922,4923,1,0.03333333333333333
2562,4946,4947,1,0.03333333333333333
2562,4953,4954,1,0.03333333333333333
2566,4971,4973,2,0.06666666666666667
2566,4974,4985,11,0.36666666666666664
2566,5052,5053,1,0.03333333333333333
2559,5062,5063,1,0.03333333333333333
2559,5173,5175,2,0.06666666666666667
2593,5095,5096,1,0.03333333333333333
2593,5239,5240,1,0.03333333333333333
2593,5258,5259,1,0.03333333333333333
2593,5270,5306,36,1.2
2593,5311,5312,1,0.03333333333333333
2639,5130,5131,1,0.03333333333333333
2639,5135,5137,2,0.06666666666666667
2639,5141,5142,1,0.03333333333333333
2639,5145,5146,1,0.03333333333333333
2639,5151,5153,2,0.06666666666666667
2645,5133,5134,1,0.03333333333333333
2645,5138,5139,1,0.03333333333333333
2645,5142,5145,3,0.1
2645,5242,5243,1,0.03333333333333333
2645,5260,5264,4,0.13333333333333333
2645,5278,5279,1,0.03333333333333333
2645,5294,5295,1,0.03333333333333333
2638,5135,5137,2,0.06666666666666667
2638,5141,5142,1,0.03333333333333333
2638,5147,5149,2,0.06666666666666667
2628,5127,5138,11,0.36666666666666664
2628,5157,5158,1,0.03333333333333333
2649,5138,5139,1,0.03333333333333333
2649,5149,5151,2,0.06666666666666667
2622,5135,5142,7,0.23333333333333334
2622,5149,5150,1,0.03333333333333333
2622,5173,5174,1,0.03333333333333333
2632,5151,5154,3,0.1
2662,5151,5156,5,0.16666666666666666
2662,5210,5211,1,0.03333333333333333
2662,5231,5232,1,0.03333333333333333
2662,5233,5235,2,0.06666666666666667
2662,5236,5240,4,0.13333333333333333
2662,5243,5246,3,0.1
2662,5263,5264,1,0.03333333333333333
2662,5325,5331,6,0.2
2662,5336,5348,12,0.4
2668,5157,5158,1,0.03333333333333333
2723,5239,5242,3,0.1
2744,5260,5263,3,0.1
2744,5266,5267,1,0.03333333333333333
2744,5282,5287,5,0.16666666666666666
2761,5288,5290,2,0.06666666666666667
2761,5295,5330,35,1.1666666666666667
2761,5331,5343,12,0.4
2761,5350,5395,45,1.5
2761,5396,5484,88,2.933333333333333
2775,5336,5339,3,0.1
2775,5340,5344,4,0.13333333333333333
2804,5438,5439,1,0.03333333333333333
2754,5447,5449,2,0.06666666666666667
2754,5454,5455,1,0.03333333333333333
2754,5456,5457,1,0.03333333333333333
2754,5458,5460,2,0.06666666666666667
2835,5529,5554,25,0.8333333333333334
2849,5612,5620,8,0.26666666666666666
2849,5621,5789,168,5.6
2858,5686,5688,2,0.06666666666666667
2876,5722,5724,2,0.06666666666666667
2876,5736,5737,1,0.03333333333333333
2876,5743,5744,1,0.03333333333333333
2876,5746,5748,2,0.06666666666666667
2876,5749,5753,4,0.13333333333333333
2876,5761,5764,3,0.1
2876,5792,5793,1,0.03333333333333333
2876,5803,5804,1,0.03333333333333333
2875,5712,5726,14,0.4666666666666667
2875,5727,5736,9,0.3
2859,5748,5750,2,0.06666666666666667
2859,5751,5753,2,0.06666666666666667
2945,5862,5874,12,0.4
2945,5882,5885,3,0.1
2945,5888,5891,3,0.1
2945,5947,5950,3,0.1
2953,5895,5897,2,0.06666666666666667
2953,5899,5900,1,0.03333333333333333
2953,5902,5903,1,0.03333333333333333
2953,5906,5907,1,0.03333333333333333
2953,5910,5911,1,0.03333333333333333
2953,5914,5921,7,0.23333333333333334
2953,5927,5928,1,0.03333333333333333
2959,5919,5927,8,0.26666666666666666
2959,5928,5931,3,0.1
2964,5943,5944,1,0.03333333333333333
2964,5947,5948,1,0.03333333333333333
2964,5951,5952,1,0.03333333333333333
2964,5953,5954,1,0.03333333333333333
2964,5966,5967,1,0.03333333333333333
2964,5986,5987,1,0.03333333333333333
2964,6000,6001,1,0.03333333333333333
2999,5986,5987,1,0.03333333333333333
2999,5999,6000,1,0.03333333333333333
2999,6029,6030,1,0.03333333333333333
2999,6100,6102,2,0.06666666666666667
2999,6104,6105,1,0.03333333333333333
3004,6050,6051,1,0.03333333333333333
3004,6055,6056,1,0.03333333333333333
3004,6059,6062,3,0.1
3004,6063,6065,2,0.06666666666666667
3030,6056,6058,2,0.06666666666666667
3030,6065,6066,1,0.03333333333333333
3030,6126,6127,1,0.03333333333333333
3030,6189,6195,6,0.2
3030,6209,6214,5,0.16666666666666666
2943,5983,6061,78,2.6
2943,6062,6146,84,2.8
2943,6170,6171,1,0.03333333333333333
3042,6106,6107,1,0.03333333333333333
3050,6126,6127,1,0.03333333333333333
3050,6135,6137,2,0.06666666666666667
3050,6138,6139,1,0.03333333333333333
3066,6183,6185,2,0.06666666666666667
3066,6186,6189,3,0.1
3066,6198,6199,1,0.03333333333333333
3066,6201,6204,3,0.1
3066,6207,6209,2,0.06666666666666667
3066,6213,6214,1,0.03333333333333333
3066,6215,6217,2,0.06666666666666667
3066,6248,6250,2,0.06666666666666667
3066,6260,6262,2,0.06666666666666667
3066,6272,6276,4,0.13333333333333333
3066,6287,6289,2,0.06666666666666667
3065,6183,6186,3,0.1
3065,6189,6198,9,0.3
3065,6199,6202,3,0.1
3065,6204,6214,10,0.3333333333333333
3095,6230,6236,6,0.2
3095,6238,6239,1,0.03333333333333333
3097,6243,6244,1,0.03333333333333333
3097,6249,6250,1,0.03333333333333333
3097,6283,6284,1,0.03333333333333333
3097,6303,6304,1,0.03333333333333333
3097,6341,6347,6,0.2
3097,6350,6356,6,0.2
3097,6358,6360,2,0.06666666666666667
3097,6377,6379,2,0.06666666666666667
3093,6247,6251,4,0.13333333333333333
3093,6252,6253,1,0.03333333333333333
3134,6289,6292,3,0.1
3106,6291,6299,8,0.26666666666666666
3106,6302,6315,13,0.43333333333333335
3106,6326,6335,9,0.3
3106,6336,6380,44,1.4666666666666666
3138,6320,6322,2,0.06666666666666667
3138,6372,6374,2,0.06666666666666667
3138,6404,6406,2,0.06666666666666667
3138,6422,6425,3,0.1
3138,6427,6428,1,0.03333333333333333
3138,6435,6438,3,0.1
3155,6342,6343,1,0.03333333333333333
3167,6370,6371,1,0.03333333333333333
3167,6372,6373,1,0.03333333333333333
3167,6375,6377,2,0.06666666666666667
3167,6379,6380,1,0.03333333333333333
3167,6401,6404,3,0.1
3167,6446,6447,1,0.03333333333333333
3167,6462,6466,4,0.13333333333333333
3167,6498,6499,1,0.03333333333333333
3167,6513,6516,3,0.1
3163,6397,6401,4,0.13333333333333333
3163,6406,6415,9,0.3
3163,6417,6418,1,0.03333333333333333
3163,6422,6423,1,0.03333333333333333
3163,6425,6427,2,0.06666666666666667
3163,6428,6434,6,0.2
3163,6437,6440,3,0.1
3163,6444,6452,8,0.26666666666666666
3163,6474,6509,35,1.1666666666666667
3163,6511,6518,7,0.23333333333333334
3163,6520,6521,1,0.03333333333333333
3163,6527,6533,6,0.2
3163,6540,6541,1,0.03333333333333333
3163,6552,6556,4,0.13333333333333333
3163,6557,6611,54,1.8
3182,6401,6404,3,0.1
3180,6419,6422,3,0.1
3180,6438,6439,1,0.03333333333333333
3180,6444,6448,4,0.13333333333333333
3180,6450,6451,1,0.03333333333333333
3180,6452,6460,8,0.26666666666666666
3180,6462,6471,9,0.3
3180,6482,6483,1,0.03333333333333333
3180,6530,6532,2,0.06666666666666667
3208,6438,6454,16,0.5333333333333333
3208,6457,6468,11,0.36666666666666664
3220,6485,6486,1,0.03333333333333333
3220,6492,6493,1,0.03333333333333333
3220,6526,6527,1,0.03333333333333333
3220,6532,6534,2,0.06666666666666667
3220,6547,6548,1,0.03333333333333333
3220,6559,6560,1,0.03333333333333333
3220,6564,6565,1,0.03333333333333333
3220,6576,6577,1,0.03333333333333333
3220,6587,6588,1,0.03333333333333333
3220,6590,6591,1,0.03333333333333333
3220,6599,6600,1,0.03333333333333333
3220,6603,6605,2,0.06666666666666667
3220,6606,6608,2,0.06666666666666667
3220,6613,6616,3,0.1
3220,6626,6627,1,0.03333333333333333
3220,6629,6630,1,0.03333333333333333
3223,6464,6493,29,0.9666666666666667
3223,6495,6498,3,0.1
3223,6499,6500,1,0.03333333333333333
3223,6513,6515,2,0.06666666666666667
3223,6517,6536,19,0.6333333333333333
3243,6524,6525,1,0.03333333333333333
3243,6527,6528,1,0.03333333333333333
3243,6530,6532,2,0.06666666666666667
3243,6533,6534,1,0.03333333333333333
3243,6536,6540,4,0.13333333333333333
3243,6544,6550,6,0.2
3243,6552,6562,10,0.3333333333333333
3243,6565,6576,11,0.36666666666666664
3243,6577,6589,12,0.4
3243,6592,6599,7,0.23333333333333334
3276,6544,6548,4,0.13333333333333333
3276,6550,6552,2,0.06666666666666667
3276,6557,6561,4,0.13333333333333333
3276,6564,6566,2,0.06666666666666667
3276,6847,6848,1,0.03333333333333333
3260,6546,6549,3,0.1
3260,6554,6557,3,0.1
3260,6558,6560,2,0.06666666666666667
3272,6548,6552,4,0.13333333333333333
3272,6553,6554,1,0.03333333333333333
3272,6562,6565,3,0.1
3272,6576,6577,1,0.03333333333333333
3272,6589,6592,3,0.1
3272,6593,6594,1,0.03333333333333333
3272,6597,6600,3,0.1
3272,6601,6602,1,0.03333333333333333
3241,6509,6554,45,1.5
3241,6557,6593,36,1.2
3241,6594,6638,44,1.4666666666666666
3241,6643,6684,41,1.3666666666666667
3241,6685,6689,4,0.13333333333333333
3241,6690,6729,39,1.3
3241,6743,6745,2,0.06666666666666667
3241,6746,6752,6,0.2
3241,6754,6822,68,2.2666666666666666
3241,6823,6850,27,0.9
3241,6859,7330,471,15.7
3241,7333,7341,8,0.26666666666666666
3267,6550,6556,6,0.2
3267,6557,6562,5,0.16666666666666666
3275,6556,6557,1,0.03333333333333333
3275,6562,6564,2,0.06666666666666667
3293,6560,6561,1,0.03333333333333333
3285,6602,6604,2,0.06666666666666667
3285,6605,6608,3,0.1
3292,6592,6616,24,0.8
3329,6622,6623,1,0.03333333333333333
3329,6625,6627,2,0.06666666666666667
3329,6636,6642,6,0.2
3329,6650,6651,1,0.03333333333333333
3329,6663,6666,3,0.1
3329,6682,6692,10,0.3333333333333333
3329,6705,6715,10,0.3333333333333333
3329,6717,6727,10,0.3333333333333333
3329,6729,6735,6,0.2
3329,6751,6753,2,0.06666666666666667
3329,6757,6770,13,0.43333333333333335
3329,6790,6791,1,0.03333333333333333
3329,6793,6797,4,0.13333333333333333
3329,6800,6877,77,2.566666666666667
3329,6883,6886,3,0.1
3329,6888,7043,155,5.166666666666667
3329,7051,7064,13,0.43333333333333335
3381,6764,6766,2,0.06666666666666667
3381,6767,6769,2,0.06666666666666667
3381,6770,6773,3,0.1
3381,6787,6790,3,0.1
3381,6791,6792,1,0.03333333333333333
3381,6800,6802,2,0.06666666666666667
3372,6742,6774,32,1.0666666666666667
3372,6775,6776,1,0.03333333333333333
3372,6778,6782,4,0.13333333333333333
3372,6783,6786,3,0.1
3372,6812,6814,2,0.06666666666666667
3372,6817,6818,1,0.03333333333333333
3372,6834,6836,2,0.06666666666666667
3418,6896,6898,2,0.06666666666666667
3418,6924,6932,8,0.26666666666666666
3387,6946,6948,2,0.06666666666666667
3387,6971,6974,3,0.1
3387,6975,6977,2,0.06666666666666667
3387,6978,6979,1,0.03333333333333333
3387,6982,6989,7,0.23333333333333334
3430,6950,6958,8,0.26666666666666666
3485,7067,7069,2,0.06666666666666667
3485,7070,7076,6,0.2
3556,7207,7208,1,0.03333333333333333
3556,7253,7254,1,0.03333333333333333
3558,7213,7214,1,0.03333333333333333
3578,7365,7366,1,0.03333333333333333
3578,7575,7590,15,0.5
3578,7595,7600,5,0.16666666666666666
3578,8175,8183,8,0.26666666666666666
3552,7526,7527,1,0.03333333333333333
3561,7534,7541,7,0.23333333333333334
3561,7542,7574,32,1.0666666666666667
3561,7575,7582,7,0.23333333333333334
3628,7603,7604,1,0.03333333333333333
3628,7605,7616,11,0.36666666666666664
3628,7619,7621,2,0.06666666666666667
3623,7662,7664,2,0.06666666666666667
3654,7669,7670,1,0.03333333333333333
3654,7705,7706,1,0.03333333333333333
3654,7713,7714,1,0.03333333333333333
3654,7716,7717,1,0.03333333333333333
3654,7741,7745,4,0.13333333333333333
3654,7750,7751,1,0.03333333333333333
3654,7770,7772,2,0.06666666666666667
3632,7678,7680,2,0.06666666666666667
3632,7683,7685,2,0.06666666666666667
3648,7683,7685,2,0.06666666666666667
3693,7737,7738,1,0.03333333333333333
3693,7743,7745,2,0.06666666666666667
3693,7750,7751,1,0.03333333333333333
3641,7761,7762,1,0.03333333333333333
3680,7763,7765,2,0.06666666666666667
3680,7772,7862,90,3.0
3680,7867,7868,1,0.03333333333333333
3680,7871,7943,72,2.4
3680,7945,7981,36,1.2
3721,7763,7765,2,0.06666666666666667
3721,7790,7791,1,0.03333333333333333
3666,7761,7770,9,0.3
3697,7772,7774,2,0.06666666666666667
3697,7778,7779,1,0.03333333333333333
3778,7846,7847,1,0.03333333333333333
3783,7867,7868,1,0.03333333333333333
3695,7901,7903,2,0.06666666666666667
3695,7904,7906,2,0.06666666666666667
3695,7923,7924,1,0.03333333333333333
3695,7925,7928,3,0.1
3695,7933,7934,1,0.03333333333333333
3695,7938,8012,74,2.466666666666667
3695,8025,8035,10,0.3333333333333333
3695,8037,8039,2,0.06666666666666667
3695,8041,8042,1,0.03333333333333333
3695,8670,8671,1,0.03333333333333333
3695,8674,8678,4,0.13333333333333333
3695,8922,8924,2,0.06666666666666667
3695,10140,10142,2,0.06666666666666667
3695,10146,10162,16,0.5333333333333333
3695,10163,10164,1,0.03333333333333333
3695,10172,10182,10,0.3333333333333333
3695,11171,11176,5,0.16666666666666666
3695,11454,11455,1,0.03333333333333333
3695,11457,11461,4,0.13333333333333333
3695,11466,11468,2,0.06666666666666667
3695,11471,11480,9,0.3
3695,11482,11488,6,0.2
3764,7871,7907,36,1.2
3764,7910,7911,1,0.03333333333333333
3764,7936,7939,3,0.1
3779,7922,7923,1,0.03333333333333333
3752,7926,7927,1,0.03333333333333333
3812,7945,7952,7,0.23333333333333334
3812,7965,7968,3,0.1
3812,7982,7985,3,0.1
3812,7993,7995,2,0.06666666666666667
3812,8008,8009,1,0.03333333333333333
3837,8096,8105,9,0.3
3875,8157,8160,3,0.1
3876,8159,8163,4,0.13333333333333333
3876,8168,8171,3,0.1
3876,8173,8175,2,0.06666666666666667
3876,8180,8183,3,0.1
3876,8190,8192,2,0.06666666666666667
3876,8197,8199,2,0.06666666666666667
3876,8239,8240,1,0.03333333333333333
3876,8245,8257,12,0.4
3876,8259,8291,32,1.0666666666666667
3876,8292,8309,17,0.5666666666666667
3878,8191,8192,1,0.03333333333333333
3881,8225,8233,8,0.26666666666666666
3881,8235,8237,2,0.06666666666666667
3881,8240,8243,3,0.1
3881,8245,8256,11,0.36666666666666664
3881,8260,8261,1,0.03333333333333333
3881,8267,8268,1,0.03333333333333333
3881,8349,8350,1,0.03333333333333333
3864,8157,8245,88,2.933333333333333
3864,8255,8256,1,0.03333333333333333
3864,8257,8259,2,0.06666666666666667
3864,8267,8272,5,0.16666666666666666
3864,8280,8281,1,0.03333333333333333
3864,8291,8292,1,0.03333333333333333
3864,8297,8298,1,0.03333333333333333
3925,8312,8313,1,0.03333333333333333
3925,8340,8342,2,0.06666666666666667
3925,8344,8345,1,0.03333333333333333
3925,8346,8349,3,0.1
3925,8350,8351,1,0.03333333333333333
3903,8326,8411,85,2.8333333333333335
3903,8412,8415,3,0.1
3903,8418,8420,2,0.06666666666666667
3903,8422,8435,13,0.43333333333333335
3903,8446,8447,1,0.03333333333333333
3903,8449,8496,47,1.5666666666666667
3903,8501,8513,12,0.4
3903,8519,8574,55,1.8333333333333333
3903,8579,8598,19,0.6333333333333333
3903,8602,8631,29,0.9666666666666667
3942,8422,8430,8,0.26666666666666666
3942,8443,8447,4,0.13333333333333333
3942,8448,8458,10,0.3333333333333333
3942,8460,8464,4,0.13333333333333333
3942,8465,8484,19,0.6333333333333333
3942,8485,8486,1,0.03333333333333333
3942,8487,8494,7,0.23333333333333334
3942,8508,8510,2,0.06666666666666667
3950,8450,8451,1,0.03333333333333333
3950,8456,8457,1,0.03333333333333333
3950,8460,8461,1,0.03333333333333333
3950,8473,8474,1,0.03333333333333333
3950,8502,8503,1,0.03333333333333333
3977,8567,8568,1,0.03333333333333333
3977,8580,8582,2,0.06666666666666667
3977,8584,8586,2,0.06666666666666667
3977,8611,8619,8,0.26666666666666666
3977,8620,8624,4,0.13333333333333333
3978,8569,8572,3,0.1
3978,8583,8584,1,0.03333333333333333
3978,8586,8587,1,0.03333333333333333
3978,8588,8590,2,0.06666666666666667
3978,8608,8611,3,0.1
3978,8612,8614,2,0.06666666666666667
3981,8612,8627,15,0.5
3984,8651,8653,2,0.06666666666666667
3984,8660,8662,2,0.06666666666666667
3984,8667,8668,1,0.03333333333333333
3984,8672,8674,2,0.06666666666666667
3984,8678,8681,3,0.1
3984,8689,8690,1,0.03333333333333333
3984,8704,8706,2,0.06666666666666667
3984,8713,8717,4,0.13333333333333333
3984,8722,8730,8,0.26666666666666666
3984,8732,8733,1,0.03333333333333333
4031,8730,8732,2,0.06666666666666667
4015,8733,8738,5,0.16666666666666666
4015,8740,8741,1,0.03333333333333333
4015,8757,8760,3,0.1
4015,8761,8762,1,0.03333333333333333
4015,8800,8801,1,0.03333333333333333
4015,8802,8808,6,0.2
4015,8809,8813,4,0.13333333333333333
4015,8832,8834,2,0.06666666666666667
4015,8855,8857,2,0.06666666666666667
4015,8859,8861,2,0.06666666666666667
4015,8862,8865,3,0.1
4015,8867,8870,3,0.1
4015,8887,8888,1,0.03333333333333333
4015,8891,8894,3,0.1
4015,8897,8898,1,0.03333333333333333
4015,8907,8909,2,0.06666666666666667
4015,8914,8915,1,0.03333333333333333
3987,8708,8806,98,3.2666666666666666
3987,8808,8810,2,0.06666666666666667
3987,8814,8815,1,0.03333333333333333
4046,8829,8832,3,0.1
4063,8858,8862,4,0.13333333333333333
4070,8865,8867,2,0.06666666666666667
4071,8879,8881,2,0.06666666666666667
4038,8941,8942,1,0.03333333333333333
4102,8930,8943,13,0.43333333333333335
4102,8945,8946,1,0.03333333333333333
4102,8947,8948,1,0.03333333333333333
4102,8950,8951,1,0.03333333333333333
4102,8954,8959,5,0.16666666666666666
4102,9001,9003,2,0.06666666666666667
4114,8942,8943,1,0.03333333333333333
4114,8945,8947,2,0.06666666666666667
4114,8955,8958,3,0.1
4114,9019,9020,1,0.03333333333333333
3961,8970,8975,5,0.16666666666666666
3961,8982,8983,1,0.03333333333333333
3961,8985,9069,84,2.8
3961,9070,9147,77,2.566666666666667
3961,9163,9166,3,0.1
3961,9171,9176,5,0.16666666666666666
4122,8989,8994,5,0.16666666666666666
4122,8997,8998,1,0.03333333333333333
4122,9167,9262,95,3.1666666666666665
4122,9267,9273,6,0.2
4122,9293,9306,13,0.43333333333333335
4122,9307,9309,2,0.06666666666666667
4122,9338,9339,1,0.03333333333333333
4134,9018,9019,1,0.03333333333333333
4134,9871,9872,1,0.03333333333333333
4130,9029,9035,6,0.2
4130,9044,9073,29,0.9666666666666667
4130,9074,9076,2,0.06666666666666667
4130,9086,9089,3,0.1
4130,9101,9103,2,0.06666666666666667
4130,9107,9108,1,0.03333333333333333
4154,9119,9122,3,0.1
4159,9126,9127,1,0.03333333333333333
4159,9129,9130,1,0.03333333333333333
4159,9169,9170,1,0.03333333333333333
4159,9171,9173,2,0.06666666666666667
4152,9086,9135,49,1.6333333333333333
4152,9137,9138,1,0.03333333333333333
4152,9174,9183,9,0.3
4152,9186,9187,1,0.03333333333333333
4152,9190,9197,7,0.23333333333333334
4152,9198,9199,1,0.03333333333333333
4152,9201,9205,4,0.13333333333333333
4152,9206,9213,7,0.23333333333333334
4152,9214,9227,13,0.43333333333333335
4152,9229,9230,1,0.03333333333333333
4152,9314,9315,1,0.03333333333333333
4152,9317,9318,1,0.03333333333333333
4161,9138,9142,4,0.13333333333333333
4161,9143,9150,7,0.23333333333333334
4164,9147,9149,2,0.06666666666666667
4164,9161,9162,1,0.03333333333333333
4164,9218,9219,1,0.03333333333333333
4173,9174,9198,24,0.8
4173,9203,9204,1,0.03333333333333333
4173,9206,9222,16,0.5333333333333333
4173,9225,9226,1,0.03333333333333333
4173,9231,9233,2,0.06666666666666667
4173,9246,9247,1,0.03333333333333333
4173,9250,9253,3,0.1
4206,9210,9214,4,0.13333333333333333
4217,9235,9237,2,0.06666666666666667
4217,9255,9258,3,0.1
4228,9250,9259,9,0.3
4228,9263,9266,3,0.1
4228,9267,9270,3,0.1
4228,9273,9275,2,0.06666666666666667
4228,9402,9403,1,0.03333333333333333
4228,9448,9452,4,0.13333333333333333
4228,9463,9464,1,0.03333333333333333
4228,9467,9468,1,0.03333333333333333
4228,9470,9472,2,0.06666666666666667
4231,9271,9273,2,0.06666666666666667
4231,9275,9287,12,0.4
4232,9273,9274,1,0.03333333333333333
4232,9287,9288,1,0.03333333333333333
4236,9306,9307,1,0.03333333333333333
4238,9313,9318,5,0.16666666666666666
4238,9349,9350,1,0.03333333333333333
4238,9391,9392,1,0.03333333333333333
4238,9406,9407,1,0.03333333333333333
4238,9418,9428,10,0.3333333333333333
4238,9431,9432,1,0.03333333333333333
4238,9436,9439,3,0.1
4238,9440,9445,5,0.16666666666666666
4265,9355,9356,1,0.03333333333333333
4286,9392,9399,7,0.23333333333333334
4286,9406,9414,8,0.26666666666666666
4286,9422,9423,1,0.03333333333333333
4270,9374,9434,60,2.0
4270,9443,9445,2,0.06666666666666667
4270,9456,9459,3,0.1
4270,9596,9598,2,0.06666666666666667
4270,9615,9616,1,0.03333333333333333
4270,9623,9624,1,0.03333333333333333
4270,9625,9627,2,0.06666666666666667
4270,9631,9632,1,0.03333333333333333
4270,9649,9661,12,0.4
4270,9663,9664,1,0.03333333333333333
4270,9670,9671,1,0.03333333333333333
4270,9672,9676,4,0.13333333333333333
4270,9694,9698,4,0.13333333333333333
4270,9738,9746,8,0.26666666666666666
4270,9758,9760,2,0.06666666666666667
4270,9765,9768,3,0.1
4270,9787,9793,6,0.2
4270,9794,9795,1,0.03333333333333333
4270,9798,9805,7,0.23333333333333334
4270,9806,9807,1,0.03333333333333333
4270,9817,9819,2,0.06666666666666667
4270,9834,9835,1,0.03333333333333333
4270,9965,9966,1,0.03333333333333333
4270,9971,9972,1,0.03333333333333333
4270,9980,9981,1,0.03333333333333333
4270,9982,9986,4,0.13333333333333333
4270,9987,9988,1,0.03333333333333333
4270,10001,10004,3,0.1
4270,10008,10009,1,0.03333333333333333
4270,10010,10012,2,0.06666666666666667
4270,10016,10018,2,0.06666666666666667
4270,10020,10021,1,0.03333333333333333
4270,10025,10026,1,0.03333333333333333
4270,10053,10054,1,0.03333333333333333
4270,10070,10077,7,0.23333333333333334
4264,9451,9454,3,0.1
4264,9459,9463,4,0.13333333333333333
4264,9467,9593,126,4.2
4264,9594,9607,13,0.43333333333333335
4315,9482,9492,10,0.3333333333333333
4310,9498,9503,5,0.16666666666666666
4310,9568,9570,2,0.06666666666666667
4310,9600,9601,1,0.03333333333333333
4365,9552,9562,10,0.3333333333333333
4365,9563,9575,12,0.4
4357,9582,9583,1,0.03333333333333333
4394,9637,9643,6,0.2
4394,9644,9647,3,0.1
4394,9649,9651,2,0.06666666666666667
4394,9654,9661,7,0.23333333333333334
4401,9656,9658,2,0.06666666666666667
4401,9661,9663,2,0.06666666666666667
4398,9672,9727,55,1.8333333333333333
4374,9742,9743,1,0.03333333333333333
4429,9770,9772,2,0.06666666666666667
4429,9782,9783,1,0.03333333333333333
4429,9790,9797,7,0.23333333333333334
4428,9789,9799,10,0.3333333333333333
4428,9800,9806,6,0.2
4428,9807,9808,1,0.03333333333333333
4428,9809,9811,2,0.06666666666666667
4428,9812,9813,1,0.03333333333333333
4428,9817,9818,1,0.03333333333333333
4437,9794,9799,5,0.16666666666666666
4437,9806,9807,1,0.03333333333333333
4437,9810,9812,2,0.06666666666666667
4437,9813,9815,2,0.06666666666666667
4437,9818,9822,4,0.13333333333333333
4437,9823,9824,1,0.03333333333333333
4437,9838,9842,4,0.13333333333333333
4437,9851,9853,2,0.06666666666666667
4437,9858,9859,1,0.03333333333333333
4437,9862,9865,3,0.1
4437,9866,9867,1,0.03333333333333333
4437,9882,9947,65,2.1666666666666665
4440,9821,9826,5,0.16666666666666666
4440,9827,9828,1,0.03333333333333333
4434,9787,9858,71,2.3666666666666667
4434,10279,10280,1,0.03333333333333333
4484,9891,9893,2,0.06666666666666667
4484,9894,9895,1,0.03333333333333333
4484,9897,9898,1,0.03333333333333333
4484,9911,9914,3,0.1
4484,9917,9919,2,0.06666666666666667
4484,9925,9927,2,0.06666666666666667
4484,9931,9935,4,0.13333333333333333
4484,9937,9938,1,0.03333333333333333
4484,9941,9942,1,0.03333333333333333
4484,9943,9949,6,0.2
4477,9887,9894,7,0.23333333333333334
4477,9897,9950,53,1.7666666666666666
4477,9951,9957,6,0.2
4488,9897,9911,14,0.4666666666666667
4468,9891,9913,22,0.7333333333333333
4468,9914,9935,21,0.7
4468,9939,9941,2,0.06666666666666667
4468,10020,10032,12,0.4
4468,10033,10261,228,7.6
4468,10264,10266,2,0.06666666666666667
4468,10268,10382,114,3.8
4468,10385,10387,2,0.06666666666666667
4468,10438,10528,90,3.0
4468,10529,10534,5,0.16666666666666666
4468,10560,10743,183,6.1
4468,10751,10758,7,0.23333333333333334
4468,10763,10866,103,3.433333333333333
4468,10919,10928,9,0.3
4404,9927,9929,2,0.06666666666666667
4404,9930,9932,2,0.06666666666666667
4404,9936,9948,12,0.4
3150,9933,9938,5,0.16666666666666666
4512,9946,9956,10,0.3333333333333333
4512,10188,10191,3,0.1
4512,10260,10261,1,0.03333333333333333
4512,10267,10268,1,0.03333333333333333
4512,11566,11568,2,0.06666666666666667
4512,16752,16754,2,0.06666666666666667
4512,17172,17173,1,0.03333333333333333
4478,9986,9988,2,0.06666666666666667
4478,9990,9992,2,0.06666666666666667
4478,9993,9994,1,0.03333333333333333
4478,9997,10001,4,0.13333333333333333
4478,10009,10010,1,0.03333333333333333
4529,9982,9988,6,0.2
4540,9997,9998,1,0.03333333333333333
4540,10002,10003,1,0.03333333333333333
4540,10004,10005,1,0.03333333333333333
4540,10006,10009,3,0.1
4540,10010,10012,2,0.06666666666666667
4540,10013,10057,44,1.4666666666666666
4553,10003,10006,3,0.1
4537,10006,10010,4,0.13333333333333333
4537,10027,10029,2,0.06666666666666667
4537,10075,10081,6,0.2
4545,10001,10017,16,0.5333333333333333
4545,10020,10097,77,2.566666666666667
4581,10053,10054,1,0.03333333333333333
4640,10065,10066,1,0.03333333333333333
4640,10067,10069,2,0.06666666666666667
4640,10071,10073,2,0.06666666666666667
4640,10074,10105,31,1.0333333333333334
4640,10106,10164,58,1.9333333333333333
4522,10066,10069,3,0.1
4522,10070,10071,1,0.03333333333333333
4506,10074,10078,4,0.13333333333333333
4506,10079,10081,2,0.06666666666666667
4506,10097,10098,1,0.03333333333333333
4497,10088,10091,3,0.1
4497,10092,10093,1,0.03333333333333333
4497,10095,10097,2,0.06666666666666667
4497,10100,10105,5,0.16666666666666666
4652,10069,10100,31,1.0333333333333334
4635,10107,10111,4,0.13333333333333333
4704,10111,10115,4,0.13333333333333333
4704,10207,10211,4,0.13333333333333333
4717,10119,10122,3,0.1
4717,10126,10127,1,0.03333333333333333
4717,10131,10132,1,0.03333333333333333
4717,10138,10274,136,4.533333333333333
4717,10275,10278,3,0.1
4717,10279,10282,3,0.1
4717,10283,10291,8,0.26666666666666666
4717,10294,10316,22,0.7333333333333333
4717,10323,10325,2,0.06666666666666667
4717,10327,10393,66,2.2
4717,10394,10412,18,0.6
4717,10420,10421,1,0.03333333333333333
4717,10428,10433,5,0.16666666666666666
4717,10434,10435,1,0.03333333333333333
4717,10441,10454,13,0.43333333333333335
4717,10456,10483,27,0.9
4717,10486,10487,1,0.03333333333333333
4717,10488,10489,1,0.03333333333333333
4717,10501,10505,4,0.13333333333333333
4717,10512,10514,2,0.06666666666666667
4717,10521,10524,3,0.1
4717,10525,10528,3,0.1
4717,10532,10533,1,0.03333333333333333
4717,10544,10577,33,1.1
4717,10604,10605,1,0.03333333333333333
4717,10663,10665,2,0.06666666666666667
4725,10130,10131,1,0.03333333333333333
4725,10132,10144,12,0.4
4725,10168,10170,2,0.06666666666666667
4542,10170,10171,1,0.03333333333333333
4542,10179,10180,1,0.03333333333333333
4542,10182,10189,7,0.23333333333333334
4542,10195,10197,2,0.06666666666666667
4542,10199,10200,1,0.03333333333333333
4716,10182,10186,4,0.13333333333333333
4716,10187,10188,1,0.03333333333333333
4716,10240,10242,2,0.06666666666666667
4716,10327,10335,8,0.26666666666666666
4716,10337,10352,15,0.5
4716,10358,10360,2,0.06666666666666667
4754,10186,10188,2,0.06666666666666667
4745,10188,10189,1,0.03333333333333333
4745,10190,10192,2,0.06666666666666667
4745,10194,10195,1,0.03333333333333333
4785,10218,10220,2,0.06666666666666667
4785,10222,10234,12,0.4
4785,10235,10240,5,0.16666666666666666
4793,10215,10223,8,0.26666666666666666
4793,10226,10231,5,0.16666666666666666
4793,10234,10235,1,0.03333333333333333
4803,10239,10261,22,0.7333333333333333
4803,10266,10268,2,0.06666666666666667
4803,10270,10279,9,0.3
4803,10280,10288,8,0.26666666666666666
4803,10291,10303,12,0.4
4803,10306,10313,7,0.23333333333333334
4803,10319,10325,6,0.2
4803,10338,10339,1,0.03333333333333333
4803,10417,10420,3,0.1
4734,10279,10280,1,0.03333333333333333
4734,10283,10284,1,0.03333333333333333
4734,10285,10300,15,0.5
4734,10307,10325,18,0.6
4734,10329,10392,63,2.1
4734,10393,10394,1,0.03333333333333333
4783,10299,10300,1,0.03333333333333333
4783,10307,10310,3,0.1
4783,10324,10325,1,0.03333333333333333
4783,10327,10340,13,0.43333333333333335
4783,10368,10374,6,0.2
4783,10555,10557,2,0.06666666666666667
4842,10304,10306,2,0.06666666666666667
4842,10309,10319,10,0.3333333333333333
4842,10321,10325,4,0.13333333333333333
4842,10328,10347,19,0.6333333333333333
4858,10307,10313,6,0.2
4858,10317,10319,2,0.06666666666666667
4858,10336,10337,1,0.03333333333333333
4858,10342,10345,3,0.1
4858,10350,10351,1,0.03333333333333333
4858,10452,10456,4,0.13333333333333333
4858,10459,10502,43,1.4333333333333333
4857,10337,10338,1,0.03333333333333333
4857,10351,10352,1,0.03333333333333333
4857,10353,10355,2,0.06666666666666667
4868,10337,10342,5,0.16666666666666666
4868,10345,10350,5,0.16666666666666666
4879,10360,10361,1,0.03333333333333333
4879,10373,10445,72,2.4
4879,10446,10449,3,0.1
4880,10358,10361,3,0.1
4623,10375,10377,2,0.06666666666666667
4892,10396,10400,4,0.13333333333333333
4892,10414,10416,2,0.06666666666666667
4901,10421,10425,4,0.13333333333333333
4901,10452,10453,1,0.03333333333333333
4914,10450,10452,2,0.06666666666666667
4914,10473,10474,1,0.03333333333333333
4939,10522,10525,3,0.1
4939,10526,10534,8,0.26666666666666666
4939,10536,10537,1,0.03333333333333333
4939,10538,10541,3,0.1
4939,10542,10545,3,0.1
4939,10560,10561,1,0.03333333333333333
4884,10547,10548,1,0.03333333333333333
4969,10562,10568,6,0.2
4969,10569,10571,2,0.06666666666666667
4769,10575,10576,1,0.03333333333333333
4769,10579,10580,1,0.03333333333333333
4769,10627,10628,1,0.03333333333333333
4769,10652,10653,1,0.03333333333333333
4769,10660,10661,1,0.03333333333333333
4769,10718,10719,1,0.03333333333333333
4769,10720,10722,2,0.06666666666666667
4769,10723,10725,2,0.06666666666666667
4769,10732,10734,2,0.06666666666666667
4769,10736,10738,2,0.06666666666666667
4769,10744,10748,4,0.13333333333333333
4769,10749,10750,1,0.03333333333333333
4769,10751,10771,20,0.6666666666666666
4769,10774,10783,9,0.3
4769,10784,10788,4,0.13333333333333333
4769,10790,10791,1,0.03333333333333333
4977,10578,10579,1,0.03333333333333333
4973,10584,10589,5,0.16666666666666666
4973,10590,10597,7,0.23333333333333334
4973,10613,10618,5,0.16666666666666666
4973,11253,11257,4,0.13333333333333333
4973,11262,11270,8,0.26666666666666666
4973,11271,11272,1,0.03333333333333333
4973,11274,11275,1,0.03333333333333333
4973,11278,11293,15,0.5
4973,11298,11300,2,0.06666666666666667
4973,11366,11368,2,0.06666666666666667
4973,11372,11373,1,0.03333333333333333
4973,11378,11380,2,0.06666666666666667
4973,11381,11382,1,0.03333333333333333
4973,11417,11420,3,0.1
4973,11425,11439,14,0.4666666666666667
4973,11447,11449,2,0.06666666666666667
4973,11482,11492,10,0.3333333333333333
4973,11497,11500,3,0.1
4973,11501,11505,4,0.13333333333333333
4973,11709,11710,1,0.03333333333333333
4973,11712,11713,1,0.03333333333333333
4973,11782,11817,35,1.1666666666666667
4973,11820,11821,1,0.03333333333333333
4973,11856,11869,13,0.43333333333333335
4973,11871,11874,3,0.1
4973,11875,11878,3,0.1
4973,11930,11932,2,0.06666666666666667
4973,11937,11949,12,0.4
4973,11950,11956,6,0.2
4973,11957,11959,2,0.06666666666666667
4973,11960,11966,6,0.2
4973,11967,11968,1,0.03333333333333333
4973,11982,11983,1,0.03333333333333333
4973,12043,12124,81,2.7
4973,12128,12131,3,0.1
4973,12132,12133,1,0.03333333333333333
4973,12153,12161,8,0.26666666666666666
4973,12162,12386,224,7.466666666666667
4973,12387,12392,5,0.16666666666666666
4973,12404,12412,8,0.26666666666666666
4973,12413,12416,3,0.1
4973,12417,12589,172,5.733333333333333
4973,12594,12596,2,0.06666666666666667
4973,12598,12698,100,3.3333333333333335
4973,12700,12701,1,0.03333333333333333
4973,12702,12744,42,1.4
4973,12748,12749,1,0.03333333333333333
4973,12762,12766,4,0.13333333333333333
4973,12770,12920,150,5.0
4973,12922,12930,8,0.26666666666666666
4973,12932,12936,4,0.13333333333333333
4973,12937,12942,5,0.16666666666666666
4973,12944,12945,1,0.03333333333333333
4973,12954,12955,1,0.03333333333333333
4973,12981,12982,1,0.03333333333333333
4973,12983,13009,26,0.8666666666666667
4973,13013,13021,8,0.26666666666666666
4973,13041,13093,52,1.7333333333333334
4973,13095,13099,4,0.13333333333333333
4973,13102,13107,5,0.16666666666666666
4973,13109,13125,16,0.5333333333333333
4973,13126,13177,51,1.7
4973,13186,13190,4,0.13333333333333333
4973,13191,13193,2,0.06666666666666667
4973,13194,13214,20,0.6666666666666666
4973,13217,13220,3,0.1
4973,13222,13224,2,0.06666666666666667
4973,13225,13235,10,0.3333333333333333
4973,13236,13246,10,0.3333333333333333
4973,13247,13248,1,0.03333333333333333
4973,13250,13254,4,0.13333333333333333
4973,13259,13261,2,0.06666666666666667
4973,13262,13266,4,0.13333333333333333
4973,13267,13345,78,2.6
4973,13348,13370,22,0.7333333333333333
4973,13384,13386,2,0.06666666666666667
4973,13416,13436,20,0.6666666666666666
4973,13441,13445,4,0.13333333333333333
4973,13446,13452,6,0.2
4973,13458,13466,8,0.26666666666666666
4973,13468,13471,3,0.1
4973,13480,13481,1,0.03333333333333333
4973,13485,13502,17,0.5666666666666667
4973,13533,13536,3,0.1
4973,13542,13546,4,0.13333333333333333
4973,13549,13557,8,0.26666666666666666
4973,13562,13576,14,0.4666666666666667
4973,13591,13593,2,0.06666666666666667
4973,13595,13617,22,0.7333333333333333
4973,13618,13619,1,0.03333333333333333
4973,13620,13626,6,0.2
4973,13628,13676,48,1.6
4973,13693,13694,1,0.03333333333333333
4973,13696,13697,1,0.03333333333333333
4973,13701,13702,1,0.03333333333333333
4973,13724,13725,1,0.03333333333333333
4973,13726,13728,2,0.06666666666666667
4973,13826,13833,7,0.23333333333333334
4973,13851,13853,2,0.06666666666666667
4973,13855,13944,89,2.966666666666667
4973,13947,14034,87,2.9
4973,14035,14041,6,0.2
4973,14083,14085,2,0.06666666666666667
4973,14366,14367,1,0.03333333333333333
4973,14413,14422,9,0.3
4973,14423,14518,95,3.1666666666666665
4973,14531,14562,31,1.0333333333333334
4973,14563,14564,1,0.03333333333333333
4973,14581,14713,132,4.4
4973,14739,14743,4,0.13333333333333333
4973,14745,14749,4,0.13333333333333333
4973,14908,15044,136,4.533333333333333
4973,15049,15050,1,0.03333333333333333
4973,15051,15053,2,0.06666666666666667
4973,15065,15067,2,0.06666666666666667
4973,15074,15075,1,0.03333333333333333
4973,15077,15079,2,0.06666666666666667
4973,15080,15081,1,0.03333333333333333
4973,15084,15131,47,1.5666666666666667
4973,15134,15725,591,19.7
4973,15746,15747,1,0.03333333333333333
4973,15748,15749,1,0.03333333333333333
4973,15764,15765,1,0.03333333333333333
4973,15771,15775,4,0.13333333333333333
4973,15789,15795,6,0.2
4973,15799,15837,38,1.2666666666666666
4973,15840,15851,11,0.36666666666666664
4973,15855,15859,4,0.13333333333333333
4973,15864,15883,19,0.6333333333333333
4973,16087,16088,1,0.03333333333333333
4973,16096,16097,1,0.03333333333333333
4973,16109,16116,7,0.23333333333333334
4973,16123,16131,8,0.26666666666666666
4973,16134,16135,1,0.03333333333333333
4973,16136,16138,2,0.06666666666666667
4973,16247,16248,1,0.03333333333333333
4973,16251,16278,27,0.9
4973,16280,16281,1,0.03333333333333333
4973,16283,16285,2,0.06666666666666667
4973,16297,16298,1,0.03333333333333333
4973,16299,16302,3,0.1
4973,16386,16392,6,0.2
4973,16454,16482,28,0.9333333333333333
4973,16498,16507,9,0.3
4973,16508,16542,34,1.1333333333333333
4973,16562,16564,2,0.06666666666666667
4973,16565,16569,4,0.13333333333333333
4973,16572,16575,3,0.1
4973,16662,16663,1,0.03333333333333333
4973,16665,16667,2,0.06666666666666667
4973,16668,16671,3,0.1
4973,16969,16970,1,0.03333333333333333
4973,16983,17001,18,0.6
4973,17007,17046,39,1.3
4973,17056,17073,17,0.5666666666666667
4973,17075,17076,1,0.03333333333333333
4973,17081,17086,5,0.16666666666666666
4973,17087,17100,13,0.43333333333333335
4973,17101,17108,7,0.23333333333333334
4973,17112,17143,31,1.0333333333333334
4973,17149,17151,2,0.06666666666666667
4973,17153,17163,10,0.3333333333333333
4973,17165,17168,3,0.1
4973,17184,17185,1,0.03333333333333333
4973,17212,17213,1,0.03333333333333333
4973,17214,17330,116,3.8666666666666667
4973,17522,17523,1,0.03333333333333333
4973,17530,17532,2,0.06666666666666667
4973,17538,17542,4,0.13333333333333333
4973,17571,17574,3,0.1
4973,17577,17579,2,0.06666666666666667
4973,17580,17590,10,0.3333333333333333
4973,17628,17633,5,0.16666666666666666
4973,17635,17672,37,1.2333333333333334
4973,17673,17680,7,0.23333333333333334
4973,17682,17683,1,0.03333333333333333
4973,17690,17696,6,0.2
4973,17697,17698,1,0.03333333333333333
4973,17699,17705,6,0.2
4973,17741,17742,1,0.03333333333333333
4973,17767,17783,16,0.5333333333333333
4973,17785,17786,1,0.03333333333333333
4973,17788,17826,38,1.2666666666666666
4973,17829,17918,89,2.966666666666667
4973,17919,17922,3,0.1
4973,17933,17935,2,0.06666666666666667
4973,17952,17960,8,0.26666666666666666
4973,17961,17962,1,0.03333333333333333
4973,17969,17976,7,0.23333333333333334
4973,17977,17988,11,0.36666666666666664
5023,10651,10653,2,0.06666666666666667
5023,10658,10663,5,0.16666666666666666
5023,10665,10667,2,0.06666666666666667
5023,10669,10674,5,0.16666666666666666
5023,10677,10685,8,0.26666666666666666
5023,10686,10689,3,0.1
5023,10727,10729,2,0.06666666666666667
5059,10711,10714,3,0.1
5058,10719,10720,1,0.03333333333333333
5058,10722,10723,1,0.03333333333333333
5061,10717,10721,4,0.13333333333333333
5061,10722,10725,3,0.1
5061,10741,10743,2,0.06666666666666667
5093,10766,10778,12,0.4
5093,10782,10783,1,0.03333333333333333
5093,10784,10786,2,0.06666666666666667
5093,10792,10795,3,0.1
5093,10796,10799,3,0.1
5093,10800,10807,7,0.23333333333333334
5093,10810,10826,16,0.5333333333333333
5093,10907,10918,11,0.36666666666666664
5103,10779,10784,5,0.16666666666666666
5103,10786,10790,4,0.13333333333333333
5103,10794,10795,1,0.03333333333333333
5103,10796,10797,1,0.03333333333333333
5103,10806,10807,1,0.03333333333333333
5127,10887,10889,2,0.06666666666666667
5127,10890,10891,1,0.03333333333333333
5127,10930,10931,1,0.03333333333333333
5127,10945,10946,1,0.03333333333333333
5166,10939,10940,1,0.03333333333333333
5166,10976,10983,7,0.23333333333333334
5166,10990,10991,1,0.03333333333333333
5166,10999,11000,1,0.03333333333333333
5166,11003,11022,19,0.6333333333333333
5166,11120,11121,1,0.03333333333333333
5166,11123,11125,2,0.06666666666666667
5166,11128,11130,2,0.06666666666666667
5166,11160,11161,1,0.03333333333333333
5017,10991,10994,3,0.1
5213,11008,11010,2,0.06666666666666667
5213,11011,11012,1,0.03333333333333333
5213,11030,11034,4,0.13333333333333333
5197,10973,11038,65,2.1666666666666665
5197,11044,11046,2,0.06666666666666667
5197,11047,11052,5,0.16666666666666666
5197,11053,11120,67,2.2333333333333334
5197,11132,11135,3,0.1
5197,11136,11142,6,0.2
5197,11167,11284,117,3.9
5197,11292,11293,1,0.03333333333333333
5115,11064,11065,1,0.03333333333333333
5237,11066,11067,1,0.03333333333333333
5215,11080,11082,2,0.06666666666666667
5278,11087,11090,3,0.1
5282,11089,11090,1,0.03333333333333333
5282,11091,11094,3,0.1
5296,11094,11096,2,0.06666666666666667
5247,11108,11112,4,0.13333333333333333
5247,11194,11195,1,0.03333333333333333
5234,11120,11121,1,0.03333333333333333
5234,11123,11125,2,0.06666666666666667
5301,11125,11127,2,0.06666666666666667
5304,11130,11140,10,0.3333333333333333
5304,11290,11292,2,0.06666666666666667
5248,11316,11320,4,0.13333333333333333
5389,11311,11320,9,0.3
5389,11372,11373,1,0.03333333333333333
5389,11376,11377,1,0.03333333333333333
5399,11325,11326,1,0.03333333333333333
5399,11372,11373,1,0.03333333333333333
5399,11385,11388,3,0.1
5399,11393,11394,1,0.03333333333333333
5399,11450,11468,18,0.6
5405,11333,11339,6,0.2
5405,11340,11348,8,0.26666666666666666
5405,11349,11351,2,0.06666666666666667
5405,11353,11359,6,0.2
5416,11349,11351,2,0.06666666666666667
5416,11352,11354,2,0.06666666666666667
5443,11425,11426,1,0.03333333333333333
5443,11431,11433,2,0.06666666666666667
5443,11437,11448,11,0.36666666666666664
5443,11451,11452,1,0.03333333333333333
5454,11448,11453,5,0.16666666666666666
5454,11521,11522,1,0.03333333333333333
5454,11525,11526,1,0.03333333333333333
5456,11449,11466,17,0.5666666666666667
5456,11467,11468,1,0.03333333333333333
5456,11469,11470,1,0.03333333333333333
5456,11580,11582,2,0.06666666666666667
5456,11592,11593,1,0.03333333333333333
5490,11476,11477,1,0.03333333333333333
5490,11480,11481,1,0.03333333333333333
5490,11489,11490,1,0.03333333333333333
5490,11492,11493,1,0.03333333333333333
5490,11496,11498,2,0.06666666666666667
5468,11473,11486,13,0.43333333333333335
5468,11489,11490,1,0.03333333333333333
5493,11482,11489,7,0.23333333333333334
5493,11490,11492,2,0.06666666666666667
5493,11588,11589,1,0.03333333333333333
5493,11602,11608,6,0.2
5517,11513,11514,1,0.03333333333333333
5510,11509,11520,11,0.36666666666666664
5510,11537,11545,8,0.26666666666666666
5509,11521,11525,4,0.13333333333333333
5524,11528,11533,5,0.16666666666666666
5524,11544,11569,25,0.8333333333333334
5525,11556,11560,4,0.13333333333333333
5525,11561,11562,1,0.03333333333333333
5525,11565,11566,1,0.03333333333333333
5525,11572,11573,1,0.03333333333333333
5525,11596,11597,1,0.03333333333333333
5536,11563,11564,1,0.03333333333333333
5536,11565,11570,5,0.16666666666666666
5536,11584,11588,4,0.13333333333333333
5535,11562,11565,3,0.1
5533,11603,11604,1,0.03333333333333333
5533,11620,11626,6,0.2
5533,11627,11678,51,1.7
5533,11680,11701,21,0.7
5565,11617,11624,7,0.23333333333333334
5565,11625,11663,38,1.2666666666666666
5565,11668,11669,1,0.03333333333333333
5565,11710,11712,2,0.06666666666666667
5565,11847,11851,4,0.13333333333333333
5528,11628,11629,1,0.03333333333333333
5528,11630,11632,2,0.06666666666666667
5528,11663,11664,1,0.03333333333333333
5528,11670,11671,1,0.03333333333333333
5528,11746,11752,6,0.2
5610,11659,11662,3,0.1
5610,11664,11666,2,0.06666666666666667
5610,11668,11669,1,0.03333333333333333
5610,11673,11674,1,0.03333333333333333
5610,11682,11684,2,0.06666666666666667
5610,11688,11696,8,0.26666666666666666
5620,11659,11663,4,0.13333333333333333
5620,11666,11668,2,0.06666666666666667
5462,11590,11698,108,3.6
5462,11701,11702,1,0.03333333333333333
5626,11697,11698,1,0.03333333333333333
5636,11709,11710,1,0.03333333333333333
5594,11762,11763,1,0.03333333333333333
5594,11767,11768,1,0.03333333333333333
5594,11770,11773,3,0.1
5594,11778,11779,1,0.03333333333333333
5594,11819,11827,8,0.26666666666666666
5594,11829,11837,8,0.26666666666666666
5594,11839,11840,1,0.03333333333333333
5594,11855,11856,1,0.03333333333333333
5664,11773,11774,1,0.03333333333333333
5664,11776,11778,2,0.06666666666666667
5653,11831,11832,1,0.03333333333333333
5698,11845,11847,2,0.06666666666666667
5698,11852,11855,3,0.1
5700,11844,11849,5,0.16666666666666666
5700,11850,11857,7,0.23333333333333334
5700,11923,12090,167,5.566666666666666
5700,12091,12092,1,0.03333333333333333
5700,12116,12449,333,11.1
5695,11858,11859,1,0.03333333333333333
5726,11894,11898,4,0.13333333333333333
5726,11921,11923,2,0.06666666666666667
5726,11925,11927,2,0.06666666666666667
5726,12078,12082,4,0.13333333333333333
5726,12117,12118,1,0.03333333333333333
5726,12125,12126,1,0.03333333333333333
5726,12129,12133,4,0.13333333333333333
5726,12479,12480,1,0.03333333333333333
5726,12481,12483,2,0.06666666666666667
5726,12500,12501,1,0.03333333333333333
5726,12817,12819,2,0.06666666666666667
5726,12973,12974,1,0.03333333333333333
5726,12975,12976,1,0.03333333333333333
5745,11905,11908,3,0.1
5745,11912,11916,4,0.13333333333333333
5745,11925,11927,2,0.06666666666666667
5745,11932,11933,1,0.03333333333333333
5745,11940,11941,1,0.03333333333333333
5745,11953,11954,1,0.03333333333333333
5735,11899,11909,10,0.3333333333333333
5735,12780,12781,1,0.03333333333333333
5735,12846,12853,7,0.23333333333333334
5735,12854,12855,1,0.03333333333333333
5735,12857,12861,4,0.13333333333333333
5735,12869,12872,3,0.1
5735,12874,12877,3,0.1
5735,13453,13456,3,0.1
5647,11932,11933,1,0.03333333333333333
5740,11904,11933,29,0.9666666666666667
5740,11935,11940,5,0.16666666666666666
5740,11945,11948,3,0.1
5740,12027,12036,9,0.3
5740,12107,12108,1,0.03333333333333333
5742,11903,11940,37,1.2333333333333334
5742,11941,11953,12,0.4
5742,11954,11957,3,0.1
5798,12161,12162,1,0.03333333333333333
5798,12179,12180,1,0.03333333333333333
5798,12182,12187,5,0.16666666666666666
5798,12188,12244,56,1.8666666666666667
5798,12245,12249,4,0.13333333333333333
5798,12251,12287,36,1.2
5798,12386,12387,1,0.03333333333333333
5798,12392,12404,12,0.4
5798,12412,12413,1,0.03333333333333333
5798,12416,12417,1,0.03333333333333333
5798,12501,12524,23,0.7666666666666667
5798,12526,12528,2,0.06666666666666667
5798,12529,12533,4,0.13333333333333333
5798,12534,12536,2,0.06666666666666667
5798,12545,12558,13,0.43333333333333335
5798,12567,12585,18,0.6
5798,12589,12702,113,3.7666666666666666
5798,12704,12726,22,0.7333333333333333
5843,12252,12253,1,0.03333333333333333
5843,12263,12264,1,0.03333333333333333
5843,12269,12272,3,0.1
5843,12273,12276,3,0.1
5843,12277,12280,3,0.1
5847,12265,12275,10,0.3333333333333333
5847,12276,12277,1,0.03333333333333333
5847,12280,12281,1,0.03333333333333333
5847,12320,12321,1,0.03333333333333333
5847,12411,12413,2,0.06666666666666667
5847,12416,12419,3,0.1
5847,12420,12422,2,0.06666666666666667
5847,12425,12434,9,0.3
5868,12292,12293,1,0.03333333333333333
5868,12294,12295,1,0.03333333333333333
5868,12299,12300,1,0.03333333333333333
5868,12302,12307,5,0.16666666666666666
5862,12296,12297,1,0.03333333333333333
5862,12300,12302,2,0.06666666666666667
5862,12307,12308,1,0.03333333333333333
5862,12402,12403,1,0.03333333333333333
5862,12404,12405,1,0.03333333333333333
5862,12412,12416,4,0.13333333333333333
5862,12417,12419,2,0.06666666666666667
5806,12344,12345,1,0.03333333333333333
5806,12348,12351,3,0.1
5806,12352,12354,2,0.06666666666666667
5806,12363,12371,8,0.26666666666666666
5806,12372,12375,3,0.1
5806,12376,12377,1,0.03333333333333333
5806,12381,12383,2,0.06666666666666667
5806,12384,12385,1,0.03333333333333333
5806,12396,12399,3,0.1
5919,12379,12381,2,0.06666666666666667
5919,12385,12390,5,0.16666666666666666
5919,12391,12393,2,0.06666666666666667
5921,12381,12387,6,0.2
5921,12388,12389,1,0.03333333333333333
5921,12390,12392,2,0.06666666666666667
5921,12393,12395,2,0.06666666666666667
5921,12399,12400,1,0.03333333333333333
5921,12401,12404,3,0.1
5921,12443,12446,3,0.1
5962,12457,12460,3,0.1
5962,12474,12475,1,0.03333333333333333
5948,12461,12464,3,0.1
5948,12467,12468,1,0.03333333333333333
5948,12471,12472,1,0.03333333333333333
5963,12464,12465,1,0.03333333333333333
5970,12469,12471,2,0.06666666666666667
5970,12483,12484,1,0.03333333333333333
5970,12493,12495,2,0.06666666666666667
5970,12496,12498,2,0.06666666666666667
5970,12501,12508,7,0.23333333333333334
5970,12509,12510,1,0.03333333333333333
5976,12495,12497,2,0.06666666666666667
5976,12498,12501,3,0.1
5976,12508,12509,1,0.03333333333333333
5976,12510,12511,1,0.03333333333333333
5976,12606,12608,2,0.06666666666666667
5976,12613,12616,3,0.1
5988,12529,12537,8,0.26666666666666666
5988,12548,12553,5,0.16666666666666666
5988,12554,12558,4,0.13333333333333333
5988,12561,12565,4,0.13333333333333333
5988,12566,12582,16,0.5333333333333333
5988,12584,12594,10,0.3333333333333333
5942,12548,12549,1,0.03333333333333333
5942,12596,12597,1,0.03333333333333333
5942,12598,12600,2,0.06666666666666667
5942,12602,12604,2,0.06666666666666667
5942,12605,12606,1,0.03333333333333333
5942,12618,12620,2,0.06666666666666667
5942,12621,12625,4,0.13333333333333333
5990,12553,12556,3,0.1
5990,12558,12564,6,0.2
5990,12569,12572,3,0.1
5990,12576,12578,2,0.06666666666666667
5990,12580,12581,1,0.03333333333333333
5990,12582,12584,2,0.06666666666666667
5990,12586,12592,6,0.2
5990,12594,12598,4,0.13333333333333333
5990,12604,12608,4,0.13333333333333333
5990,12629,12631,2,0.06666666666666667
5990,12634,12636,2,0.06666666666666667
5990,12638,12640,2,0.06666666666666667
5990,12654,12657,3,0.1
5990,12660,12666,6,0.2
5990,12678,12693,15,0.5
5998,12570,12572,2,0.06666666666666667
5998,12573,12576,3,0.1
5998,12604,12605,1,0.03333333333333333
5998,12606,12610,4,0.13333333333333333
5998,12614,12615,1,0.03333333333333333
5998,12622,12629,7,0.23333333333333334
5998,12631,12641,10,0.3333333333333333
6053,12688,12689,1,0.03333333333333333
6053,12690,12692,2,0.06666666666666667
6053,12698,12704,6,0.2
6071,12717,12718,1,0.03333333333333333
6071,12726,12730,4,0.13333333333333333
6071,12732,12734,2,0.06666666666666667
6071,12738,12739,1,0.03333333333333333
6071,12744,12748,4,0.13333333333333333
6071,12752,12754,2,0.06666666666666667
6071,12760,12762,2,0.06666666666666667
6071,12764,12766,2,0.06666666666666667
6071,12770,12772,2,0.06666666666666667
6071,12781,12782,1,0.03333333333333333
6071,12788,12789,1,0.03333333333333333
6071,12794,12798,4,0.13333333333333333
6071,12833,12834,1,0.03333333333333333
6060,12713,12728,15,0.5
6060,12730,12738,8,0.26666666666666666
6060,12739,12744,5,0.16666666666666666
6000,12721,12734,13,0.43333333333333335
6000,12737,12820,83,2.7666666666666666
6000,12821,12823,2,0.06666666666666667
6072,12741,12751,10,0.3333333333333333
6072,12758,12857,99,3.3
6089,12776,12777,1,0.03333333333333333
6125,12818,12819,1,0.03333333333333333
6125,12822,12823,1,0.03333333333333333
6093,12821,12822,1,0.03333333333333333
6093,12825,12827,2,0.06666666666666667
6093,12830,12833,3,0.1
6093,12834,12850,16,0.5333333333333333
6093,12851,12853,2,0.06666666666666667
6093,12854,12863,9,0.3
6093,12865,12899,34,1.1333333333333333
6093,12902,12903,1,0.03333333333333333
6093,12912,12913,1,0.03333333333333333
6093,12920,12925,5,0.16666666666666666
6093,12926,12927,1,0.03333333333333333
6093,12931,12933,2,0.06666666666666667
6093,12934,12935,1,0.03333333333333333
6093,12949,12950,1,0.03333333333333333
6093,12958,12963,5,0.16666666666666666
6093,12969,12972,3,0.1
6093,12974,12975,1,0.03333333333333333
6093,12984,12985,1,0.03333333333333333
6093,12986,12987,1,0.03333333333333333
6093,13044,13045,1,0.03333333333333333
6093,13074,13075,1,0.03333333333333333
6093,13083,13085,2,0.06666666666666667
6093,13096,13097,1,0.03333333333333333
6093,13129,13130,1,0.03333333333333333
6112,12822,12823,1,0.03333333333333333
6112,12829,12830,1,0.03333333333333333
6112,12853,12854,1,0.03333333333333333
6149,12834,12835,1,0.03333333333333333
6190,12903,12907,4,0.13333333333333333
6190,12949,12951,2,0.06666666666666667
6190,12970,12972,2,0.06666666666666667
6214,12921,12922,1,0.03333333333333333
6214,12923,12926,3,0.1
6214,12927,12931,4,0.13333333333333333
6187,12910,12958,48,1.6
6187,12959,12963,4,0.13333333333333333
6187,12973,12987,14,0.4666666666666667
6187,12989,12994,5,0.16666666666666666
6252,12992,12993,1,0.03333333333333333
6252,13013,13014,1,0.03333333333333333
6252,13017,13021,4,0.13333333333333333
6252,13022,13026,4,0.13333333333333333
6252,13028,13032,4,0.13333333333333333
6252,13095,13096,1,0.03333333333333333
6252,13109,13110,1,0.03333333333333333
6252,13118,13119,1,0.03333333333333333
6252,13124,13125,1,0.03333333333333333
6252,13128,13129,1,0.03333333333333333
6252,13135,13136,1,0.03333333333333333
6252,13163,13164,1,0.03333333333333333
6252,13237,13238,1,0.03333333333333333
6250,12982,13014,32,1.0666666666666667
6250,13025,13027,2,0.06666666666666667
6250,13038,13040,2,0.06666666666666667
6250,13041,13042,1,0.03333333333333333
6250,13119,13124,5,0.16666666666666666
6250,13174,13264,90,3.0
6250,13266,13267,1,0.03333333333333333
6250,13304,13307,3,0.1
6250,13315,13318,3,0.1
6250,13319,13320,1,0.03333333333333333
6250,13322,13323,1,0.03333333333333333
6250,13324,13327,3,0.1
6250,13336,13365,29,0.9666666666666667
6293,13037,13038,1,0.03333333333333333
6288,13090,13093,3,0.1
6288,13119,13121,2,0.06666666666666667
6288,13122,13123,1,0.03333333333333333
6288,13136,13138,2,0.06666666666666667
6288,13150,13155,5,0.16666666666666666
6288,13193,13198,5,0.16666666666666666
6288,13219,13220,1,0.03333333333333333
6288,13222,13224,2,0.06666666666666667
6288,13225,13246,21,0.7
6215,13113,13115,2,0.06666666666666667
6215,13174,13177,3,0.1
6338,13123,13124,1,0.03333333333333333
6334,13177,13187,10,0.3333333333333333
6334,13190,13191,1,0.03333333333333333
6334,13193,13199,6,0.2
6334,13203,13211,8,0.26666666666666666
6334,13214,13217,3,0.1
6334,13218,13225,7,0.23333333333333334
6334,13235,13236,1,0.03333333333333333
6334,13240,13250,10,0.3333333333333333
6334,13254,13259,5,0.16666666666666666
6334,13261,13262,1,0.03333333333333333
6334,13266,13267,1,0.03333333333333333
6334,13271,13274,3,0.1
6334,13277,13278,1,0.03333333333333333
6334,13279,13281,2,0.06666666666666667
6334,13284,13286,2,0.06666666666666667
6370,13231,13234,3,0.1
6370,13242,13244,2,0.06666666666666667
6370,13355,13356,1,0.03333333333333333
6368,13258,13259,1,0.03333333333333333
6384,13256,13266,10,0.3333333333333333
6384,13275,13276,1,0.03333333333333333
6384,13283,13285,2,0.06666666666666667
6384,13299,13300,1,0.03333333333333333
6384,13318,13319,1,0.03333333333333333
6384,13365,13366,1,0.03333333333333333
6392,13318,13319,1,0.03333333333333333
6392,13321,13324,3,0.1
6399,13331,13336,5,0.16666666666666666
6399,13344,13345,1,0.03333333333333333
6399,13349,13350,1,0.03333333333333333
6399,13412,13413,1,0.03333333333333333
6399,13414,13418,4,0.13333333333333333
6412,13361,13362,1,0.03333333333333333
6412,13389,13390,1,0.03333333333333333
6412,13444,13445,1,0.03333333333333333
6451,13452,13453,1,0.03333333333333333
6451,13456,13457,1,0.03333333333333333
6451,13459,13461,2,0.06666666666666667
6451,13462,13464,2,0.06666666666666667
6456,13482,13485,3,0.1
6456,13486,13518,32,1.0666666666666667
6456,13519,13537,18,0.6
6456,13545,13574,29,0.9666666666666667
6460,13480,13488,8,0.26666666666666666
6460,13492,13493,1,0.03333333333333333
6460,13495,13513,18,0.6
6460,13518,13519,1,0.03333333333333333
6460,13522,13524,2,0.06666666666666667
6460,13525,13538,13,0.43333333333333335
6460,13552,13553,1,0.03333333333333333
6460,13555,13558,3,0.1
6460,13561,13562,1,0.03333333333333333
6460,13576,13585,9,0.3
6460,13586,13589,3,0.1
6460,13591,13596,5,0.16666666666666666
6460,13603,13606,3,0.1
6460,13612,13613,1,0.03333333333333333
6463,13490,13492,2,0.06666666666666667
6463,13495,13497,2,0.06666666666666667
6463,13500,13521,21,0.7
6463,13528,13530,2,0.06666666666666667
6463,13531,13533,2,0.06666666666666667
6463,13536,13540,4,0.13333333333333333
6463,13541,13544,3,0.1
6463,13563,13564,1,0.03333333333333333
6463,13565,13566,1,0.03333333333333333
6463,13576,13577,1,0.03333333333333333
6463,13585,13586,1,0.03333333333333333
6463,13594,13595,1,0.03333333333333333
6463,13597,13599,2,0.06666666666666667
6472,13506,13509,3,0.1
6472,13514,13516,2,0.06666666666666667
6472,13519,13528,9,0.3
6472,13530,13531,1,0.03333333333333333
6472,13533,13538,5,0.16666666666666666
6472,13540,13541,1,0.03333333333333333
6484,13531,13533,2,0.06666666666666667
6484,13534,13538,4,0.13333333333333333
6484,13540,13542,2,0.06666666666666667
6484,13543,13545,2,0.06666666666666667
6445,13533,13536,3,0.1
6445,13538,13545,7,0.23333333333333334
6445,13549,13550,1,0.03333333333333333
6445,13564,13567,3,0.1
6492,13538,13540,2,0.06666666666666667
6492,13542,13549,7,0.23333333333333334
6492,13555,13556,1,0.03333333333333333
6492,13569,13574,5,0.16666666666666666
6492,13653,13660,7,0.23333333333333334
6492,13661,13662,1,0.03333333333333333
6480,13542,13545,3,0.1
6480,13674,13677,3,0.1
6480,13678,13685,7,0.23333333333333334
6480,13686,13690,4,0.13333333333333333
6480,13693,13697,4,0.13333333333333333
6480,13709,13718,9,0.3
6480,13720,13722,2,0.06666666666666667
6480,14139,14141,2,0.06666666666666667
6480,14146,14148,2,0.06666666666666667
6480,14149,14153,4,0.13333333333333333
6480,15155,15156,1,0.03333333333333333
6480,16117,16118,1,0.03333333333333333
6480,16127,16130,3,0.1
6480,16141,16142,1,0.03333333333333333
6480,16143,16144,1,0.03333333333333333
6480,16235,16238,3,0.1
6480,16241,16243,2,0.06666666666666667
6480,16251,16252,1,0.03333333333333333
6480,16889,16890,1,0.03333333333333333
6480,16891,16896,5,0.16666666666666666
6480,17937,17942,5,0.16666666666666666
6480,17953,17960,7,0.23333333333333334
6471,13545,13546,1,0.03333333333333333
6471,13547,13555,8,0.26666666666666666
6471,13557,13618,61,2.033333333333333
6471,13650,13653,3,0.1
6471,13664,13665,1,0.03333333333333333
6471,13668,13710,42,1.4
6471,13711,13712,1,0.03333333333333333
6471,13713,13724,11,0.36666666666666664
6471,13725,13728,3,0.1
6471,13729,13730,1,0.03333333333333333
6471,13731,13733,2,0.06666666666666667
6471,13734,13744,10,0.3333333333333333
6471,13747,13770,23,0.7666666666666667
6471,13771,13772,1,0.03333333333333333
6471,13775,13777,2,0.06666666666666667
6471,13778,13780,2,0.06666666666666667
6471,13781,13787,6,0.2
6471,13788,13794,6,0.2
6471,13840,13846,6,0.2
6471,13847,13970,123,4.1
6471,14014,14015,1,0.03333333333333333
6471,14041,14130,89,2.966666666666667
6471,14134,14141,7,0.23333333333333334
6471,14142,14146,4,0.13333333333333333
6471,14147,14148,1,0.03333333333333333
6471,14174,14175,1,0.03333333333333333
6471,14230,14238,8,0.26666666666666666
6471,14257,14323,66,2.2
6471,14343,14345,2,0.06666666666666667
6471,14346,14349,3,0.1
6471,14358,14360,2,0.06666666666666667
6471,14361,14383,22,0.7333333333333333
6471,14443,14444,1,0.03333333333333333
6498,13546,13548,2,0.06666666666666667
6504,13549,13558,9,0.3
6504,13560,13564,4,0.13333333333333333
6504,13565,13566,1,0.03333333333333333
6487,13558,13560,2,0.06666666666666667
6487,13566,13567,1,0.03333333333333333
6487,13576,13577,1,0.03333333333333333
6487,13580,13584,4,0.13333333333333333
6521,13567,13569,2,0.06666666666666667
6531,13577,13580,3,0.1
6531,13584,13585,1,0.03333333333333333
6531,13591,13593,2,0.06666666666666667
6531,13606,13607,1,0.03333333333333333
6531,13611,13613,2,0.06666666666666667
6531,13618,13620,2,0.06666666666666667
6531,13649,13650,1,0.03333333333333333
6531,13654,13656,2,0.06666666666666667
6443,13577,13582,5,0.16666666666666666
6443,13610,13614,4,0.13333333333333333
6443,13630,13631,1,0.03333333333333333
6554,13586,13587,1,0.03333333333333333
6543,13595,13606,11,0.36666666666666664
6615,13657,13658,1,0.03333333333333333
6615,13660,13665,5,0.16666666666666666
6615,13669,13670,1,0.03333333333333333
6615,13677,13678,1,0.03333333333333333
6615,13681,13682,1,0.03333333333333333
6615,13689,13690,1,0.03333333333333333
6615,13704,13714,10,0.3333333333333333
6615,13715,13717,2,0.06666666666666667
6615,13719,13725,6,0.2
6593,13672,13681,9,0.3
6593,13686,13696,10,0.3333333333333333
6636,13682,13684,2,0.06666666666666667
6648,13697,13698,1,0.03333333333333333
6657,13714,13716,2,0.06666666666666667
6657,13721,13722,1,0.03333333333333333
6655,13713,13716,3,0.1
6655,13717,13719,2,0.06666666666666667
6655,13725,13727,2,0.06666666666666667
6655,13742,13743,1,0.03333333333333333
6655,13801,13802,1,0.03333333333333333
6670,13724,13726,2,0.06666666666666667
6670,13773,13778,5,0.16666666666666666
6670,13781,13785,4,0.13333333333333333
6676,13729,13732,3,0.1
6676,13736,13737,1,0.03333333333333333
6609,13742,13743,1,0.03333333333333333
6609,13987,13988,1,0.03333333333333333
6609,13994,13995,1,0.03333333333333333
6698,13778,13781,3,0.1
6706,13802,13804,2,0.06666666666666667
6706,13823,13825,2,0.06666666666666667
6706,13826,13827,1,0.03333333333333333
6706,13829,13832,3,0.1
6706,13842,13845,3,0.1
6706,13847,13849,2,0.06666666666666667
6706,13856,13860,4,0.13333333333333333
6706,13874,13875,1,0.03333333333333333
6706,13878,13880,2,0.06666666666666667
6706,13886,13890,4,0.13333333333333333
6706,13895,13903,8,0.26666666666666666
6716,13825,13826,1,0.03333333333333333
6716,13827,13831,4,0.13333333333333333
6716,13832,13833,1,0.03333333333333333
6716,13839,13841,2,0.06666666666666667
6708,13849,13865,16,0.5333333333333333
6708,13871,13874,3,0.1
6708,13877,13878,1,0.03333333333333333
6708,13894,13908,14,0.4666666666666667
6708,13914,13921,7,0.23333333333333334
6708,13934,13935,1,0.03333333333333333
6708,13939,13948,9,0.3
6708,13950,13962,12,0.4
6708,13966,13967,1,0.03333333333333333
6708,13975,13993,18,0.6
6708,14020,14022,2,0.06666666666666667
6708,14023,14027,4,0.13333333333333333
6708,14445,14447,2,0.06666666666666667
6708,14449,14450,1,0.03333333333333333
6708,14451,14453,2,0.06666666666666667
6708,14458,14459,1,0.03333333333333333
6708,14461,14464,3,0.1
6708,14470,14471,1,0.03333333333333333
6708,14473,14477,4,0.13333333333333333
6708,14478,14480,2,0.06666666666666667
6708,14482,14483,1,0.03333333333333333
6708,14484,14485,1,0.03333333333333333
6708,14603,14604,1,0.03333333333333333
6708,14988,14990,2,0.06666666666666667
6708,14992,14993,1,0.03333333333333333
6708,14995,14998,3,0.1
6708,15001,15006,5,0.16666666666666666
6708,15011,15013,2,0.06666666666666667
6708,15014,15017,3,0.1
6708,15072,15077,5,0.16666666666666666
6708,15113,15120,7,0.23333333333333334
6708,15124,15126,2,0.06666666666666667
6708,15127,15133,6,0.2
6708,15139,15140,1,0.03333333333333333
6708,15158,15162,4,0.13333333333333333
6708,15168,15172,4,0.13333333333333333
6708,15174,15180,6,0.2
6708,15181,15208,27,0.9
6708,15211,15218,7,0.23333333333333334
6708,15220,15224,4,0.13333333333333333
6708,15230,15231,1,0.03333333333333333
6708,15281,15283,2,0.06666666666666667
6708,15284,15288,4,0.13333333333333333
6708,15289,15293,4,0.13333333333333333
6708,15317,15319,2,0.06666666666666667
6708,15326,15329,3,0.1
6708,15418,15434,16,0.5333333333333333
6708,15515,15516,1,0.03333333333333333
6708,15538,15539,1,0.03333333333333333
6708,15540,15548,8,0.26666666666666666
6708,15553,15583,30,1.0
6708,15587,15591,4,0.13333333333333333
6708,15616,15623,7,0.23333333333333334
6708,15625,15626,1,0.03333333333333333
6708,15628,15634,6,0.2
6708,15636,15644,8,0.26666666666666666
6708,15661,15663,2,0.06666666666666667
6708,15687,15691,4,0.13333333333333333
6708,15702,15729,27,0.9
6708,15737,15739,2,0.06666666666666667
6708,15842,15843,1,0.03333333333333333
6708,15848,15854,6,0.2
6708,15875,15877,2,0.06666666666666667
6708,15958,15961,3,0.1
6708,16074,16077,3,0.1
6708,16104,16105,1,0.03333333333333333
6708,16106,16114,8,0.26666666666666666
6708,16171,16172,1,0.03333333333333333
6708,16302,16303,1,0.03333333333333333
6708,16308,16309,1,0.03333333333333333
6708,16344,16345,1,0.03333333333333333
6708,16363,16364,1,0.03333333333333333
6708,16365,16370,5,0.16666666666666666
6708,16371,16372,1,0.03333333333333333
6708,16374,16375,1,0.03333333333333333
6708,16536,16548,12,0.4
6708,16556,16557,1,0.03333333333333333
6708,16562,16565,3,0.1
6708,16567,16568,1,0.03333333333333333
6708,16571,16574,3,0.1
6708,16624,16625,1,0.03333333333333333
6708,16626,16627,1,0.03333333333333333
6708,16628,16629,1,0.03333333333333333
6708,16695,16700,5,0.16666666666666666
6708,16703,16707,4,0.13333333333333333
6708,16711,16712,1,0.03333333333333333
6708,16726,16727,1,0.03333333333333333
6708,16730,16731,1,0.03333333333333333
6708,16781,16782,1,0.03333333333333333
6708,16924,16926,2,0.06666666666666667
6708,16927,16932,5,0.16666666666666666
6708,16935,16941,6,0.2
6708,17002,17004,2,0.06666666666666667
6708,17079,17080,1,0.03333333333333333
6708,17088,17090,2,0.06666666666666667
6708,17232,17234,2,0.06666666666666667
6708,17271,17274,3,0.1
6708,17275,17285,10,0.3333333333333333
6708,17287,17288,1,0.03333333333333333
6708,17294,17301,7,0.23333333333333334
6708,17303,17319,16,0.5333333333333333
6708,17515,17518,3,0.1
6708,17623,17628,5,0.16666666666666666
6708,17629,17630,1,0.03333333333333333
6708,17658,17659,1,0.03333333333333333
6708,17660,17661,1,0.03333333333333333
6708,17663,17670,7,0.23333333333333334
6708,17684,17694,10,0.3333333333333333
6708,17710,17711,1,0.03333333333333333
6708,17808,17813,5,0.16666666666666666
6708,17814,17817,3,0.1
6708,17818,17825,7,0.23333333333333334
6708,17841,17842,1,0.03333333333333333
6708,17843,17844,1,0.03333333333333333
6708,17866,17867,1,0.03333333333333333
6708,17868,17869,1,0.03333333333333333
6708,17870,17882,12,0.4
6732,13874,13882,8,0.26666666666666666
6732,13883,13886,3,0.1
6687,13883,13887,4,0.13333333333333333
6687,13891,13892,1,0.03333333333333333
6756,13930,13935,5,0.16666666666666666
6756,13948,13951,3,0.1
6756,13952,13954,2,0.06666666666666667
6756,13967,13970,3,0.1
6737,14000,14001,1,0.03333333333333333
6737,14022,14024,2,0.06666666666666667
6737,14026,14027,1,0.03333333333333333
6737,14034,14035,1,0.03333333333333333
6737,14039,14040,1,0.03333333333333333
6737,14042,14043,1,0.03333333333333333
6737,14056,14058,2,0.06666666666666667
6737,14070,14075,5,0.16666666666666666
6737,14099,14101,2,0.06666666666666667
6768,14001,14002,1,0.03333333333333333
6768,14004,14009,5,0.16666666666666666
6768,14010,14011,1,0.03333333333333333
6768,14016,14018,2,0.06666666666666667
6768,14033,14034,1,0.03333333333333333
6768,14072,14074,2,0.06666666666666667
6768,14076,14078,2,0.06666666666666667
6768,14090,14091,1,0.03333333333333333
6768,14096,14099,3,0.1
6768,14201,14203,2,0.06666666666666667
6788,14002,14004,2,0.06666666666666667
6758,14005,14006,1,0.03333333333333333
6758,14007,14008,1,0.03333333333333333
6758,14010,14011,1,0.03333333333333333
6758,14014,14019,5,0.16666666666666666
6758,14023,14026,3,0.1
6817,14040,14041,1,0.03333333333333333
5633,14043,14044,1,0.03333333333333333
5633,14047,14052,5,0.16666666666666666
6807,14052,14055,3,0.1
6807,14064,14099,35,1.1666666666666667
6807,14101,14102,1,0.03333333333333333
6807,14115,14117,2,0.06666666666666667
6807,14122,14123,1,0.03333333333333333
6807,14125,14134,9,0.3
6807,14153,14154,1,0.03333333333333333
6807,14200,14202,2,0.06666666666666667
6807,14210,14213,3,0.1
6807,14218,14221,3,0.1
6807,14223,14227,4,0.13333333333333333
6807,14231,14236,5,0.16666666666666666
6807,14237,14239,2,0.06666666666666667
6807,14241,14243,2,0.06666666666666667
6852,14071,14073,2,0.06666666666666667
6851,14073,14074,1,0.03333333333333333
6851,14075,14081,6,0.2
6851,14125,14126,1,0.03333333333333333
6792,14077,14079,2,0.06666666666666667
6792,14080,14083,3,0.1
6792,14089,14090,1,0.03333333333333333
6792,14091,14094,3,0.1
6792,14134,14137,3,0.1
6792,14138,14142,4,0.13333333333333333
6792,14143,14145,2,0.06666666666666667
6792,14146,14150,4,0.13333333333333333
6792,14213,14214,1,0.03333333333333333
6792,14215,14218,3,0.1
6901,14114,14115,1,0.03333333333333333
6901,14127,14130,3,0.1
6901,14138,14139,1,0.03333333333333333
6906,14119,14127,8,0.26666666666666666
6921,14130,14140,10,0.3333333333333333
6896,14138,14149,11,0.36666666666666664
6896,14150,14153,3,0.1
6896,14155,14179,24,0.8
6938,14215,14218,3,0.1
6938,14219,14221,2,0.06666666666666667
6938,14234,14238,4,0.13333333333333333
6938,14239,14242,3,0.1
6938,14246,14249,3,0.1
6949,14214,14218,4,0.13333333333333333
6958,14234,14235,1,0.03333333333333333
6972,14249,14250,1,0.03333333333333333
6972,14375,14377,2,0.06666666666666667
6819,14262,14263,1,0.03333333333333333
6819,14273,14278,5,0.16666666666666666
6984,14269,14271,2,0.06666666666666667
6984,14287,14289,2,0.06666666666666667
7006,14301,14304,3,0.1
7008,14314,14315,1,0.03333333333333333
7008,14318,14323,5,0.16666666666666666
7048,14357,14359,2,0.06666666666666667
7065,14395,14400,5,0.16666666666666666
7081,14418,14419,1,0.03333333333333333
7081,14422,14424,2,0.06666666666666667
7081,14433,14436,3,0.1
7075,14419,14427,8,0.26666666666666666
7075,14430,14432,2,0.06666666666666667
7075,14438,14444,6,0.2
7075,14446,14447,1,0.03333333333333333
7075,14492,14494,2,0.06666666666666667
7075,14501,14502,1,0.03333333333333333
6940,14428,14430,2,0.06666666666666667
7073,14428,14430,2,0.06666666666666667
7073,14435,14436,1,0.03333333333333333
7073,14481,14482,1,0.03333333333333333
7073,14616,14619,3,0.1
7036,14427,14431,4,0.13333333333333333
7099,14435,14437,2,0.06666666666666667
7099,14481,14483,2,0.06666666666666667
7099,14490,14492,2,0.06666666666666667
7099,14499,14503,4,0.13333333333333333
7099,14504,14507,3,0.1
7099,14510,14511,1,0.03333333333333333
7097,14432,14462,30,1.0
7047,14468,14470,2,0.06666666666666667
7110,14471,14473,2,0.06666666666666667
7105,14475,14477,2,0.06666666666666667
7105,14516,14531,15,0.5
7105,14539,14540,1,0.03333333333333333
7105,14542,14552,10,0.3333333333333333
7105,14562,14581,19,0.6333333333333333
7105,14599,14600,1,0.03333333333333333
7105,14601,14602,1,0.03333333333333333
7105,14619,14621,2,0.06666666666666667
7105,14648,14649,1,0.03333333333333333
7105,14659,14661,2,0.06666666666666667
7105,14663,14705,42,1.4
7053,14515,14516,1,0.03333333333333333
7120,14514,14516,2,0.06666666666666667
7120,14562,14563,1,0.03333333333333333
7120,14567,14568,1,0.03333333333333333
7135,14545,14562,17,0.5666666666666667
7135,14563,14571,8,0.26666666666666666
7135,14608,14610,2,0.06666666666666667
7135,14612,14628,16,0.5333333333333333
7135,14657,14658,1,0.03333333333333333
7135,14659,14685,26,0.8666666666666667
7135,14686,14707,21,0.7
7135,14711,14768,57,1.9
7135,14797,14801,4,0.13333333333333333
7135,14804,14820,16,0.5333333333333333
7135,14821,14833,12,0.4
7135,14849,14853,4,0.13333333333333333
7135,14854,14944,90,3.0
7157,14599,14600,1,0.03333333333333333
7157,14608,14609,1,0.03333333333333333
7163,14607,14608,1,0.03333333333333333
7163,14611,14615,4,0.13333333333333333
7163,14616,14619,3,0.1
7163,14620,14632,12,0.4
7163,14634,14636,2,0.06666666666666667
7163,14692,14695,3,0.1
7163,14704,14705,1,0.03333333333333333
7158,14597,14608,11,0.36666666666666664
7161,14605,14613,8,0.26666666666666666
7161,14615,14620,5,0.16666666666666666
7161,14622,14624,2,0.06666666666666667
7161,14640,14643,3,0.1
7161,14657,14658,1,0.03333333333333333
7161,14660,14661,1,0.03333333333333333
7161,14663,14665,2,0.06666666666666667
7161,14685,14687,2,0.06666666666666667
7161,14689,14691,2,0.06666666666666667
7161,14694,14695,1,0.03333333333333333
7167,14621,14624,3,0.1
7167,14625,14634,9,0.3
7192,14791,14797,6,0.2
7195,14797,14799,2,0.06666666666666667
7195,14803,14804,1,0.03333333333333333
7195,14808,14820,12,0.4
7195,14823,14824,1,0.03333333333333333
7195,14825,14831,6,0.2
7195,14836,14837,1,0.03333333333333333
7195,14894,14896,2,0.06666666666666667
7194,14796,14800,4,0.13333333333333333
7177,14800,14802,2,0.06666666666666667
7177,14820,14830,10,0.3333333333333333
7177,14840,14854,14,0.4666666666666667
7177,14858,14861,3,0.1
7177,15017,15021,4,0.13333333333333333
7177,15024,15026,2,0.06666666666666667
7177,15039,15053,14,0.4666666666666667
7226,14836,14837,1,0.03333333333333333
7226,14838,14839,1,0.03333333333333333
7226,14843,14844,1,0.03333333333333333
7219,14836,14837,1,0.03333333333333333
7229,14838,14839,1,0.03333333333333333
7245,14912,14913,1,0.03333333333333333
7245,14935,14936,1,0.03333333333333333
7245,14982,14983,1,0.03333333333333333
7259,14931,14933,2,0.06666666666666667
7259,14935,14936,1,0.03333333333333333
7259,14937,14944,7,0.23333333333333334
7259,14945,14959,14,0.4666666666666667
7259,14969,14976,7,0.23333333333333334
7259,14977,14979,2,0.06666666666666667
7259,14981,14982,1,0.03333333333333333
7259,15006,15007,1,0.03333333333333333
7259,15009,15014,5,0.16666666666666666
7259,15015,15018,3,0.1
7259,15029,15030,1,0.03333333333333333
7259,15034,15035,1,0.03333333333333333
7304,15006,15007,1,0.03333333333333333
7304,15009,15010,1,0.03333333333333333
7304,15013,15019,6,0.2
7304,15023,15033,10,0.3333333333333333
7304,15034,15037,3,0.1
7304,15046,15172,126,4.2
7278,15019,15021,2,0.06666666666666667
7278,15044,15045,1,0.03333333333333333
7278,15080,15082,2,0.06666666666666667
7278,15084,15096,12,0.4
7278,15097,15106,9,0.3
7278,15107,15115,8,0.26666666666666666
7326,15043,15044,1,0.03333333333333333
7340,15074,15075,1,0.03333333333333333
7343,15077,15079,2,0.06666666666666667
7343,15086,15087,1,0.03333333333333333
7381,15120,15125,5,0.16666666666666666
7381,15126,15128,2,0.06666666666666667
7309,15125,15127,2,0.06666666666666667
7309,15164,15168,4,0.13333333333333333
7309,15169,15174,5,0.16666666666666666
7309,15181,15186,5,0.16666666666666666
7309,15190,15191,1,0.03333333333333333
7356,15136,15139,3,0.1
7356,15140,15147,7,0.23333333333333334
7356,15149,15150,1,0.03333333333333333
7356,15172,15251,79,2.6333333333333333
7356,15254,15599,345,11.5
7356,15649,15653,4,0.13333333333333333
7356,15657,15659,2,0.06666666666666667
7356,15660,15682,22,0.7333333333333333
7411,15154,15155,1,0.03333333333333333
7411,15156,15162,6,0.2
7411,15178,15179,1,0.03333333333333333
7411,15235,15236,1,0.03333333333333333
7421,15168,15171,3,0.1
7421,15172,15174,2,0.06666666666666667
7418,15172,15176,4,0.13333333333333333
7418,15178,15187,9,0.3
7418,15190,15191,1,0.03333333333333333
7418,15193,15195,2,0.06666666666666667
7418,15196,15198,2,0.06666666666666667
7418,15202,15203,1,0.03333333333333333
7418,15205,15222,17,0.5666666666666667
7454,15289,15328,39,1.3
7454,15332,15333,1,0.03333333333333333
7454,15343,15374,31,1.0333333333333334
7454,15378,15482,104,3.466666666666667
7454,15489,15493,4,0.13333333333333333
7454,15494,15501,7,0.23333333333333334
7454,15505,15506,1,0.03333333333333333
7454,15523,15525,2,0.06666666666666667
7429,15337,15338,1,0.03333333333333333
7429,15357,15359,2,0.06666666666666667
7498,15357,15360,3,0.1
7498,15367,15747,380,12.666666666666666
7498,15748,15752,4,0.13333333333333333
7498,15760,15848,88,2.933333333333333
7498,15855,15856,1,0.03333333333333333
7498,15859,15861,2,0.06666666666666667
7485,15361,15364,3,0.1
7485,15370,15372,2,0.06666666666666667
7503,15484,15485,1,0.03333333333333333
7503,15488,15490,2,0.06666666666666667
7503,15546,15548,2,0.06666666666666667
7503,15551,15555,4,0.13333333333333333
7503,15563,15564,1,0.03333333333333333
7503,15565,15568,3,0.1
7565,15528,15530,2,0.06666666666666667
7565,15531,15533,2,0.06666666666666667
7565,15535,15536,1,0.03333333333333333
7565,15649,15650,1,0.03333333333333333
7562,15529,15531,2,0.06666666666666667
7562,15533,15535,2,0.06666666666666667
7562,15536,15537,1,0.03333333333333333
7562,15538,15558,20,0.6666666666666666
7566,15544,15545,1,0.03333333333333333
7568,15558,15559,1,0.03333333333333333
7571,15568,15572,4,0.13333333333333333
7571,15574,15576,2,0.06666666666666667
7571,15577,15579,2,0.06666666666666667
7587,15587,15589,2,0.06666666666666667
7587,15591,15593,2,0.06666666666666667
7585,15589,15592,3,0.1
7585,15593,15595,2,0.06666666666666667
7590,15619,15632,13,0.43333333333333335
7596,15652,15654,2,0.06666666666666667
7602,15688,15690,2,0.06666666666666667
7602,15697,15711,14,0.4666666666666667
7602,15725,15726,1,0.03333333333333333
7602,15727,15731,4,0.13333333333333333
7608,15717,15721,4,0.13333333333333333
7608,15724,15727,3,0.1
7612,15717,15724,7,0.23333333333333334
7614,15731,15735,4,0.13333333333333333
7552,15747,15748,1,0.03333333333333333
7552,15749,15771,22,0.7333333333333333
7552,15775,15789,14,0.4666666666666667
7552,15795,15799,4,0.13333333333333333
7622,15747,15748,1,0.03333333333333333
7622,15788,15789,1,0.03333333333333333
7621,15751,15755,4,0.13333333333333333
7631,15768,15770,2,0.06666666666666667
7631,15772,15774,2,0.06666666666666667
7631,15779,15780,1,0.03333333333333333
7631,15818,15821,3,0.1
7631,15829,15831,2,0.06666666666666667
7628,15792,15806,14,0.4666666666666667
7644,15816,15817,1,0.03333333333333333
7644,15818,15820,2,0.06666666666666667
7644,15821,15823,2,0.06666666666666667
7644,15860,15861,1,0.03333333333333333
7644,15876,15877,1,0.03333333333333333
7644,15903,15905,2,0.06666666666666667
7686,15909,15912,3,0.1
7686,15918,15927,9,0.3
7686,15945,15946,1,0.03333333333333333
7686,16086,16087,1,0.03333333333333333
7694,15939,15945,6,0.2
7694,15948,15970,22,0.7333333333333333
7673,15945,15949,4,0.13333333333333333
7673,16088,16092,4,0.13333333333333333
7673,16093,16095,2,0.06666666666666667
7673,16099,16102,3,0.1
7664,15961,15965,4,0.13333333333333333
7703,15967,15973,6,0.2
7703,15976,15979,3,0.1
7615,15988,15991,3,0.1
7711,16000,16005,5,0.16666666666666666
7724,16029,16031,2,0.06666666666666667
7724,16045,16046,1,0.03333333333333333
7718,16084,16085,1,0.03333333333333333
7718,16090,16091,1,0.03333333333333333
7718,16142,16143,1,0.03333333333333333
7729,16145,16146,1,0.03333333333333333
7729,16221,16223,2,0.06666666666666667
7751,16147,16148,1,0.03333333333333333
7751,16149,16152,3,0.1
7804,16148,16149,1,0.03333333333333333
7804,16152,16154,2,0.06666666666666667
7804,16172,16175,3,0.1
7804,16191,16192,1,0.03333333333333333
7785,16204,16211,7,0.23333333333333334
7785,16213,16216,3,0.1
7785,16251,16252,1,0.03333333333333333
7785,16259,16366,107,3.566666666666667
7785,16369,16374,5,0.16666666666666666
7819,16209,16211,2,0.06666666666666667
7819,16216,16217,1,0.03333333333333333
7819,16219,16225,6,0.2
7819,16226,16229,3,0.1
7819,16362,16363,1,0.03333333333333333
7818,16211,16212,1,0.03333333333333333
7820,16223,16224,1,0.03333333333333333
7820,16252,16253,1,0.03333333333333333
7820,16259,16260,1,0.03333333333333333
7857,16305,16312,7,0.23333333333333334
7857,16313,16316,3,0.1
7857,16327,16328,1,0.03333333333333333
7857,16333,16335,2,0.06666666666666667
7869,16324,16326,2,0.06666666666666667
7869,16386,16387,1,0.03333333333333333
7879,16329,16331,2,0.06666666666666667
7879,16332,16333,1,0.03333333333333333
7888,16349,16350,1,0.03333333333333333
7867,16486,16488,2,0.06666666666666667
7867,16493,16494,1,0.03333333333333333
7966,16491,16492,1,0.03333333333333333
7966,16500,16501,1,0.03333333333333333
7966,16503,16504,1,0.03333333333333333
7966,16531,16532,1,0.03333333333333333
7966,16563,16564,1,0.03333333333333333
7966,16593,16594,1,0.03333333333333333
7966,16595,16596,1,0.03333333333333333
7966,16600,16601,1,0.03333333333333333
7966,16609,16610,1,0.03333333333333333
7966,16621,16631,10,0.3333333333333333
7967,16500,16501,1,0.03333333333333333
7967,16502,16506,4,0.13333333333333333
7967,16512,16520,8,0.26666666666666666
7967,16522,16526,4,0.13333333333333333
7967,16529,16534,5,0.16666666666666666
7967,16537,16538,1,0.03333333333333333
7967,16549,16552,3,0.1
7986,16548,16592,44,1.4666666666666666
7986,16635,16679,44,1.4666666666666666
7986,16680,16681,1,0.03333333333333333
7986,16691,16751,60,2.0
7986,16756,16758,2,0.06666666666666667
7986,16780,16818,38,1.2666666666666666
7986,16819,16824,5,0.16666666666666666
7986,16829,16835,6,0.2
7986,16851,16853,2,0.06666666666666667
7986,16854,16911,57,1.9
7986,16940,17072,132,4.4
7986,17089,17161,72,2.4
7986,17165,17167,2,0.06666666666666667
8034,16643,16645,2,0.06666666666666667
8034,16647,16679,32,1.0666666666666667
8067,16714,16723,9,0.3
8067,16724,16731,7,0.23333333333333334
8067,16735,16738,3,0.1
8076,16726,16730,4,0.13333333333333333
8083,16744,16759,15,0.5
8083,16896,16897,1,0.03333333333333333
8066,16790,16791,1,0.03333333333333333
8089,16811,16812,1,0.03333333333333333
8070,16846,16847,1,0.03333333333333333
8070,16849,16850,1,0.03333333333333333
8070,16868,16869,1,0.03333333333333333
8070,16924,16927,3,0.1
8070,16931,16933,2,0.06666666666666667
8070,16935,16939,4,0.13333333333333333
8070,16947,16953,6,0.2
8096,16855,16857,2,0.06666666666666667
8096,16876,16877,1,0.03333333333333333
8110,16878,16886,8,0.26666666666666666
8110,16903,16906,3,0.1
8110,16928,16930,2,0.06666666666666667
8128,16910,16912,2,0.06666666666666667
8132,16917,16919,2,0.06666666666666667
8132,16921,16928,7,0.23333333333333334
8145,16926,16927,1,0.03333333333333333
8153,16937,16938,1,0.03333333333333333
8130,16985,16986,1,0.03333333333333333
8130,17001,17002,1,0.03333333333333333
8130,17055,17060,5,0.16666666666666666
8130,17080,17081,1,0.03333333333333333
8130,17084,17085,1,0.03333333333333333
8130,17086,17088,2,0.06666666666666667
8130,17089,17093,4,0.13333333333333333
8130,17098,17100,2,0.06666666666666667
8130,17109,17113,4,0.13333333333333333
8130,17115,17125,10,0.3333333333333333
8190,17012,17020,8,0.26666666666666666
8222,17053,17054,1,0.03333333333333333
8222,17063,17064,1,0.03333333333333333
8221,17047,17055,8,0.26666666666666666
8221,17059,17061,2,0.06666666666666667
8221,17068,17069,1,0.03333333333333333
8221,17109,17110,1,0.03333333333333333
8224,17078,17080,2,0.06666666666666667
8224,17083,17084,1,0.03333333333333333
8224,17087,17088,1,0.03333333333333333
8237,17084,17087,3,0.1
8237,17088,17091,3,0.1
8237,17169,17170,1,0.03333333333333333
8237,17171,17172,1,0.03333333333333333
8252,17155,17158,3,0.1
8231,17243,17244,1,0.03333333333333333
8296,17281,17282,1,0.03333333333333333
8294,17278,17285,7,0.23333333333333334
8294,17288,17289,1,0.03333333333333333
8294,17290,17291,1,0.03333333333333333
8294,17331,17332,1,0.03333333333333333
8298,17276,17286,10,0.3333333333333333
8298,17290,17298,8,0.26666666666666666
8298,17303,17336,33,1.1
8292,17286,17290,4,0.13333333333333333
8292,17298,17303,5,0.16666666666666666
8292,17310,17314,4,0.13333333333333333
8292,17318,17319,1,0.03333333333333333
8292,17328,17329,1,0.03333333333333333
8292,17353,17362,9,0.3
8292,17374,17378,4,0.13333333333333333
8292,17379,17382,3,0.1
8292,17386,17398,12,0.4
8292,17410,17413,3,0.1
8292,17429,17430,1,0.03333333333333333
8292,17431,17432,1,0.03333333333333333
8292,17458,17467,9,0.3
8292,17468,17470,2,0.06666666666666667
8305,17297,17298,1,0.03333333333333333
8305,17300,17303,3,0.1
8305,17305,17310,5,0.16666666666666666
8315,17319,17321,2,0.06666666666666667
8315,17322,17323,1,0.03333333333333333
8315,17334,17335,1,0.03333333333333333
8337,17366,17378,12,0.4
8348,17379,17381,2,0.06666666666666667
8348,17472,17473,1,0.03333333333333333
8378,17424,17425,1,0.03333333333333333
8378,17426,17431,5,0.16666666666666666
8378,17437,17440,3,0.1
8378,17441,17445,4,0.13333333333333333
8390,17429,17430,1,0.03333333333333333
8390,17431,17437,6,0.2
8390,17440,17441,1,0.03333333333333333
8390,17445,17447,2,0.06666666666666667
8390,17451,17453,2,0.06666666666666667
8390,17510,17513,3,0.1
8373,17436,17437,1,0.03333333333333333
8373,17441,17442,1,0.03333333333333333
8399,17457,17461,4,0.13333333333333333
8444,17667,17668,1,0.03333333333333333
8444,17709,17710,1,0.03333333333333333
8473,17690,17693,3,0.1
8455,17693,17697,4,0.13333333333333333
8455,17698,17699,1,0.03333333333333333
8457,17696,17697,1,0.03333333333333333
8457,17700,17701,1,0.03333333333333333
8475,17697,17700,3,0.1
8475,17798,17805,7,0.23333333333333334
8483,17716,17718,2,0.06666666666666667
8483,17791,17793,2,0.06666666666666667
8483,17829,17830,1,0.03333333333333333
8465,17716,17719,3,0.1
8465,17721,17729,8,0.26666666666666666
8465,17740,17742,2,0.06666666666666667
8495,17783,17784,1,0.03333333333333333
8516,17782,17800,18,0.6
8516,17817,17829,12,0.4
8516,17832,17834,2,0.06666666666666667
8516,17835,17892,57,1.9
8516,17899,17912,13,0.43333333333333335
8516,17918,17919,1,0.03333333333333333
8532,17802,17803,1,0.03333333333333333
8530,17812,17813,1,0.03333333333333333
8530,17817,17820,3,0.1
8530,17907,17909,2,0.06666666666666667
8530,17923,17926,3,0.1
8540,17808,17813,5,0.16666666666666666
8540,17849,17850,1,0.03333333333333333
8540,17856,17857,1,0.03333333333333333
8540,17874,17875,1,0.03333333333333333
8540,17916,17918,2,0.06666666666666667
8540,17937,17952,15,0.5
8540,17957,17965,8,0.26666666666666666
8540,17966,17970,4,0.13333333333333333
8538,17809,17818,9,0.3
8554,17858,17865,7,0.23333333333333334
8554,17866,17870,4,0.13333333333333333
8546,17873,17878,5,0.16666666666666666
8557,17876,17878,2,0.06666666666666667
8584,17945,17957,12,0.4
8584,17958,17964,6,0.2
8594,17960,17961,1,0.03333333333333333
8594,17964,17969,5,0.16666666666666666
8594,17970,17976,6,0.2
8594,17979,17993,14,0.4666666666666667
8594,17994,17995,1,0.03333333333333333
8476,17966,17968,2,0.06666666666666667
8476,17978,17980,2,0.06666666666666667
8476,17992,17993,1,0.03333333333333333
8604,17976,17979,3,0.1
8604,17982,17986,4,0.13333333333333333
8604,17990,17994,4,0.13333333333333333
8615,17996,17998,2,0.06666666666666667
