track_id,lost_frame,found_frame,gap_duration_frames,gap_duration_seconds
7,2,4,2,0.06666666666666667
7,7,19,12,0.4
7,20,24,4,0.13333333333333333
7,26,27,1,0.03333333333333333
7,28,31,3,0.1
7,32,39,7,0.23333333333333334
7,41,43,2,0.06666666666666667
11,4,6,2,0.06666666666666667
11,496,505,9,0.3
11,506,561,55,1.8333333333333333
11,562,566,4,0.13333333333333333
11,567,569,2,0.06666666666666667
11,607,620,13,0.43333333333333335
11,980,985,5,0.16666666666666666
11,996,1021,25,0.8333333333333334
11,1022,1024,2,0.06666666666666667
11,1028,1032,4,0.13333333333333333
11,1033,1034,1,0.03333333333333333
11,1356,1370,14,0.4666666666666667
11,1444,1445,1,0.03333333333333333
11,1448,1456,8,0.26666666666666666
11,1458,1461,3,0.1
11,1495,1496,1,0.03333333333333333
11,1501,1502,1,0.03333333333333333
6,2,7,5,0.16666666666666666
6,8,31,23,0.7666666666666667
12,4,7,3,0.1
12,14,32,18,0.6
2,12,14,2,0.06666666666666667
2,24,26,2,0.06666666666666667
2,27,28,1,0.03333333333333333
2,30,32,2,0.06666666666666667
2,34,38,4,0.13333333333333333
2,42,44,2,0.06666666666666667
2,47,54,7,0.23333333333333334
2,56,59,3,0.1
2,61,72,11,0.36666666666666664
2,76,80,4,0.13333333333333333
4,27,28,1,0.03333333333333333
4,31,32,1,0.03333333333333333
4,37,41,4,0.13333333333333333
4,187,188,1,0.03333333333333333
4,190,191,1,0.03333333333333333
23,28,32,4,0.13333333333333333
8,19,35,16,0.5333333333333333
8,39,42,3,0.1
8,166,167,1,0.03333333333333333
8,168,174,6,0.2
8,175,178,3,0.1
8,179,192,13,0.43333333333333335
8,193,212,19,0.6333333333333333
8,213,215,2,0.06666666666666667
8,219,220,1,0.03333333333333333
8,481,484,3,0.1
8,496,498,2,0.06666666666666667
8,513,514,1,0.03333333333333333
8,519,520,1,0.03333333333333333
8,521,524,3,0.1
8,711,713,2,0.06666666666666667
8,1016,1018,2,0.06666666666666667
8,1139,1140,1,0.03333333333333333
8,1189,1192,3,0.1
8,1265,1269,4,0.13333333333333333
8,1272,1276,4,0.13333333333333333
8,1380,1381,1,0.03333333333333333
18,20,35,15,0.5
18,37,48,11,0.36666666666666664
18,52,58,6,0.2
18,59,68,9,0.3
18,71,72,1,0.03333333333333333
25,27,43,16,0.5333333333333333
9,47,48,1,0.03333333333333333
9,49,86,37,1.2333333333333334
9,87,88,1,0.03333333333333333
9,98,99,1,0.03333333333333333
9,103,133,30,1.0
49,62,88,26,0.8666666666666667
49,90,98,8,0.26666666666666666
49,104,110,6,0.2
69,106,107,1,0.03333333333333333
69,118,123,5,0.16666666666666666
69,127,130,3,0.1
69,134,135,1,0.03333333333333333
69,149,150,1,0.03333333333333333
69,161,168,7,0.23333333333333334
69,171,178,7,0.23333333333333334
69,179,183,4,0.13333333333333333
69,198,200,2,0.06666666666666667
69,202,203,1,0.03333333333333333
69,221,222,1,0.03333333333333333
13,74,124,50,1.6666666666666667
13,133,134,1,0.03333333333333333
13,135,136,1,0.03333333333333333
13,140,141,1,0.03333333333333333
13,143,146,3,0.1
13,176,232,56,1.8666666666666667
13,233,234,1,0.03333333333333333
13,235,236,1,0.03333333333333333
13,244,253,9,0.3
13,255,271,16,0.5333333333333333
13,272,283,11,0.36666666666666664
13,295,302,7,0.23333333333333334
13,304,307,3,0.1
13,308,337,29,0.9666666666666667
13,343,345,2,0.06666666666666667
13,350,351,1,0.03333333333333333
13,478,479,1,0.03333333333333333
13,481,482,1,0.03333333333333333
13,487,494,7,0.23333333333333334
13,496,501,5,0.16666666666666666
13,507,524,17,0.5666666666666667
3,132,134,2,0.06666666666666667
3,135,158,23,0.7666666666666667
3,159,163,4,0.13333333333333333
3,168,174,6,0.2
3,176,178,2,0.06666666666666667
3,179,190,11,0.36666666666666664
3,276,277,1,0.03333333333333333
3,319,320,1,0.03333333333333333
3,322,353,31,1.0333333333333334
3,354,356,2,0.06666666666666667
3,395,397,2,0.06666666666666667
3,399,401,2,0.06666666666666667
3,404,410,6,0.2
3,418,419,1,0.03333333333333333
3,436,444,8,0.26666666666666666
3,446,450,4,0.13333333333333333
3,466,473,7,0.23333333333333334
3,474,494,20,0.6666666666666666
3,633,634,1,0.03333333333333333
3,635,643,8,0.26666666666666666
3,645,647,2,0.06666666666666667
3,651,653,2,0.06666666666666667
3,658,660,2,0.06666666666666667
3,684,695,11,0.36666666666666664
3,696,701,5,0.16666666666666666
3,1007,1011,4,0.13333333333333333
3,1021,1022,1,0.03333333333333333
3,1059,1060,1,0.03333333333333333
3,1062,1070,8,0.26666666666666666
3,1074,1076,2,0.06666666666666667
3,1091,1103,12,0.4
3,1149,1152,3,0.1
3,1155,1156,1,0.03333333333333333
3,1195,1198,3,0.1
84,133,136,3,0.1
84,138,139,1,0.03333333333333333
84,156,158,2,0.06666666666666667
99,188,191,3,0.1
99,193,196,3,0.1
99,198,199,1,0.03333333333333333
99,203,204,1,0.03333333333333333
99,205,208,3,0.1
99,228,229,1,0.03333333333333333
99,234,241,7,0.23333333333333334
111,200,201,1,0.03333333333333333
111,209,210,1,0.03333333333333333
158,246,248,2,0.06666666666666667
109,256,257,1,0.03333333333333333
109,268,269,1,0.03333333333333333
109,270,271,1,0.03333333333333333
109,282,284,2,0.06666666666666667
109,287,288,1,0.03333333333333333
109,338,340,2,0.06666666666666667
183,268,269,1,0.03333333333333333
183,270,280,10,0.3333333333333333
183,286,287,1,0.03333333333333333
147,278,279,1,0.03333333333333333
147,280,521,241,8.033333333333333
175,292,293,1,0.03333333333333333
175,294,296,2,0.06666666666666667
175,347,350,3,0.1
205,292,295,3,0.1
205,296,298,2,0.06666666666666667
205,358,359,1,0.03333333333333333
213,292,295,3,0.1
213,300,301,1,0.03333333333333333
213,303,306,3,0.1
213,320,323,3,0.1
213,337,338,1,0.03333333333333333
213,347,348,1,0.03333333333333333
213,354,355,1,0.03333333333333333
213,356,360,4,0.13333333333333333
213,363,365,2,0.06666666666666667
213,368,371,3,0.1
213,376,377,1,0.03333333333333333
213,392,394,2,0.06666666666666667
213,395,397,2,0.06666666666666667
241,330,334,4,0.13333333333333333
241,335,339,4,0.13333333333333333
241,340,344,4,0.13333333333333333
215,344,353,9,0.3
215,359,360,1,0.03333333333333333
215,361,362,1,0.03333333333333333
215,436,439,3,0.1
215,440,443,3,0.1
285,390,391,1,0.03333333333333333
297,419,420,1,0.03333333333333333
297,423,424,1,0.03333333333333333
297,448,450,2,0.06666666666666667
297,457,458,1,0.03333333333333333
297,711,714,3,0.1
310,461,469,8,0.26666666666666666
318,501,505,4,0.13333333333333333
318,521,524,3,0.1
318,528,533,5,0.16666666666666666
318,534,541,7,0.23333333333333334
318,544,545,1,0.03333333333333333
318,546,553,7,0.23333333333333334
318,556,557,1,0.03333333333333333
314,494,519,25,0.8333333333333334
314,521,528,7,0.23333333333333334
314,530,540,10,0.3333333333333333
314,541,542,1,0.03333333333333333
314,548,549,1,0.03333333333333333
316,546,548,2,0.06666666666666667
316,549,550,1,0.03333333333333333
316,553,554,1,0.03333333333333333
316,556,557,1,0.03333333333333333
337,562,565,3,0.1
337,573,575,2,0.06666666666666667
337,593,594,1,0.03333333333333333
337,598,603,5,0.16666666666666666
337,606,619,13,0.43333333333333335
337,639,641,2,0.06666666666666667
360,583,585,2,0.06666666666666667
360,586,587,1,0.03333333333333333
360,590,591,1,0.03333333333333333
360,608,609,1,0.03333333333333333
360,610,611,1,0.03333333333333333
360,620,633,13,0.43333333333333335
360,634,644,10,0.3333333333333333
360,647,650,3,0.1
360,956,962,6,0.2
360,963,966,3,0.1
360,967,972,5,0.16666666666666666
360,975,979,4,0.13333333333333333
360,983,985,2,0.06666666666666667
360,999,1001,2,0.06666666666666667
360,1002,1005,3,0.1
303,634,638,4,0.13333333333333333
303,641,643,2,0.06666666666666667
303,644,645,1,0.03333333333333333
303,669,673,4,0.13333333333333333
303,674,675,1,0.03333333333333333
303,723,726,3,0.1
303,737,751,14,0.4666666666666667
303,753,754,1,0.03333333333333333
303,757,761,4,0.13333333333333333
303,762,766,4,0.13333333333333333
335,662,666,4,0.13333333333333333
335,672,673,1,0.03333333333333333
335,678,679,1,0.03333333333333333
335,683,684,1,0.03333333333333333
335,685,686,1,0.03333333333333333
335,727,729,2,0.06666666666666667
335,737,742,5,0.16666666666666666
335,750,751,1,0.03333333333333333
335,794,798,4,0.13333333333333333
335,807,809,2,0.06666666666666667
335,811,814,3,0.1
335,815,819,4,0.13333333333333333
335,822,826,4,0.13333333333333333
335,832,834,2,0.06666666666666667
335,835,870,35,1.1666666666666667
425,695,697,2,0.06666666666666667
431,705,706,1,0.03333333333333333
431,711,723,12,0.4
431,725,730,5,0.16666666666666666
431,746,751,5,0.16666666666666666
431,774,775,1,0.03333333333333333
431,776,779,3,0.1
431,791,793,2,0.06666666666666667
431,804,806,2,0.06666666666666667
431,826,833,7,0.23333333333333334
428,705,707,2,0.06666666666666667
435,727,729,2,0.06666666666666667
429,745,746,1,0.03333333333333333
440,749,750,1,0.03333333333333333
451,788,790,2,0.06666666666666667
451,976,988,12,0.4
450,796,798,2,0.06666666666666667
450,829,830,1,0.03333333333333333
450,842,859,17,0.5666666666666667
450,863,865,2,0.06666666666666667
450,869,870,1,0.03333333333333333
450,871,875,4,0.13333333333333333
450,876,877,1,0.03333333333333333
450,900,901,1,0.03333333333333333
450,1032,1034,2,0.06666666666666667
452,798,811,13,0.43333333333333335
377,699,838,139,4.633333333333334
377,840,844,4,0.13333333333333333
377,853,910,57,1.9
377,968,975,7,0.23333333333333334
377,982,1094,112,3.7333333333333334
377,1126,1130,4,0.13333333333333333
377,1132,1143,11,0.36666666666666664
377,1155,1158,3,0.1
377,1161,1192,31,1.0333333333333334
377,1194,1198,4,0.13333333333333333
377,1200,1221,21,0.7
377,1222,1309,87,2.9
377,1310,1311,1,0.03333333333333333
377,1312,1313,1,0.03333333333333333
377,1322,1332,10,0.3333333333333333
377,1333,1337,4,0.13333333333333333
377,1339,1341,2,0.06666666666666667
377,1353,1424,71,2.3666666666666667
377,1451,1477,26,0.8666666666666667
377,1490,1499,9,0.3
377,1501,1506,5,0.16666666666666666
377,1507,1523,16,0.5333333333333333
377,1524,1526,2,0.06666666666666667
377,1528,1612,84,2.8
377,1613,1668,55,1.8333333333333333
377,1669,1676,7,0.23333333333333334
377,1679,1760,81,2.7
377,1761,1796,35,1.1666666666666667
377,1820,1862,42,1.4
377,1868,1899,31,1.0333333333333334
377,1905,1907,2,0.06666666666666667
377,1912,1927,15,0.5
377,1928,1941,13,0.43333333333333335
377,1947,1964,17,0.5666666666666667
377,1970,1982,12,0.4
377,1984,2202,218,7.266666666666667
474,891,894,3,0.1
474,899,900,1,0.03333333333333333
476,889,914,25,0.8333333333333334
476,916,918,2,0.06666666666666667
476,919,940,21,0.7
476,944,946,2,0.06666666666666667
476,948,956,8,0.26666666666666666
476,957,961,4,0.13333333333333333
476,962,963,1,0.03333333333333333
495,946,947,1,0.03333333333333333
495,961,962,1,0.03333333333333333
495,971,975,4,0.13333333333333333
495,987,990,3,0.1
511,960,962,2,0.06666666666666667
511,974,976,2,0.06666666666666667
511,980,982,2,0.06666666666666667
511,983,991,8,0.26666666666666666
511,998,999,1,0.03333333333333333
477,953,972,19,0.6333333333333333
477,973,974,1,0.03333333333333333
477,976,980,4,0.13333333333333333
477,982,988,6,0.2
477,990,994,4,0.13333333333333333
477,995,998,3,0.1
539,973,979,6,0.2
551,988,989,1,0.03333333333333333
560,994,995,1,0.03333333333333333
560,1003,1008,5,0.16666666666666666
560,1013,1022,9,0.3
560,1030,1037,7,0.23333333333333334
560,1038,1039,1,0.03333333333333333
565,1015,1016,1,0.03333333333333333
565,1019,1020,1,0.03333333333333333
565,1022,1023,1,0.03333333333333333
565,1024,1027,3,0.1
565,1030,1032,2,0.06666666666666667
565,1038,1040,2,0.06666666666666667
565,1042,1043,1,0.03333333333333333
565,1044,1046,2,0.06666666666666667
565,1054,1055,1,0.03333333333333333
565,1058,1100,42,1.4
565,1102,1103,1,0.03333333333333333
579,1013,1019,6,0.2
579,1021,1023,2,0.06666666666666667
579,1024,1030,6,0.2
579,1031,1044,13,0.43333333333333335
579,1048,1050,2,0.06666666666666667
579,1059,1060,1,0.03333333333333333
614,1027,1030,3,0.1
614,1031,1039,8,0.26666666666666666
614,1042,1043,1,0.03333333333333333
614,1047,1054,7,0.23333333333333334
614,1056,1077,21,0.7
603,1026,1031,5,0.16666666666666666
603,1034,1036,2,0.06666666666666667
615,1030,1036,6,0.2
615,1042,1046,4,0.13333333333333333
615,1055,1056,1,0.03333333333333333
615,1067,1068,1,0.03333333333333333
615,1077,1079,2,0.06666666666666667
615,1110,1119,9,0.3
618,1042,1066,24,0.8
618,1067,1106,39,1.3
671,1066,1068,2,0.06666666666666667
671,1070,1072,2,0.06666666666666667
671,1078,1079,1,0.03333333333333333
671,1099,1106,7,0.23333333333333334
671,1108,1110,2,0.06666666666666667
636,1055,1070,15,0.5
636,1078,1082,4,0.13333333333333333
636,1087,1099,12,0.4
636,1103,1108,5,0.16666666666666666
675,1079,1082,3,0.1
640,1088,1090,2,0.06666666666666667
640,1094,1104,10,0.3333333333333333
640,1140,1155,15,0.5
640,1158,1163,5,0.16666666666666666
640,1280,1282,2,0.06666666666666667
697,1090,1091,1,0.03333333333333333
697,1092,1095,3,0.1
697,1099,1100,1,0.03333333333333333
697,1104,1106,2,0.06666666666666667
697,1112,1115,3,0.1
697,1116,1122,6,0.2
697,1124,1126,2,0.06666666666666667
493,1091,1092,1,0.03333333333333333
493,1102,1103,1,0.03333333333333333
493,1106,1107,1,0.03333333333333333
493,1116,1117,1,0.03333333333333333
493,1201,1203,2,0.06666666666666667
493,1212,1213,1,0.03333333333333333
493,1216,1220,4,0.13333333333333333
706,1099,1100,1,0.03333333333333333
659,1060,1106,46,1.5333333333333334
731,1115,1117,2,0.06666666666666667
731,1118,1122,4,0.13333333333333333
731,1124,1126,2,0.06666666666666667
731,1131,1134,3,0.1
744,1173,1174,1,0.03333333333333333
744,1175,1187,12,0.4
784,1182,1183,1,0.03333333333333333
784,1186,1187,1,0.03333333333333333
784,1188,1206,18,0.6
784,1216,1230,14,0.4666666666666667
784,1231,1248,17,0.5666666666666667
784,1252,1257,5,0.16666666666666666
784,1269,1277,8,0.26666666666666666
784,1278,1279,1,0.03333333333333333
784,1293,1294,1,0.03333333333333333
784,1341,1344,3,0.1
784,1345,1348,3,0.1
784,1349,1351,2,0.06666666666666667
784,1355,1356,1,0.03333333333333333
784,1365,1367,2,0.06666666666666667
784,1368,1369,1,0.03333333333333333
784,1372,1374,2,0.06666666666666667
784,1376,1377,1,0.03333333333333333
791,1186,1188,2,0.06666666666666667
791,1189,1191,2,0.06666666666666667
791,1194,1195,1,0.03333333333333333
791,1201,1207,6,0.2
791,1209,1211,2,0.06666666666666667
791,1212,1216,4,0.13333333333333333
791,1218,1231,13,0.43333333333333335
865,1275,1276,1,0.03333333333333333
865,1462,1465,3,0.1
865,1466,1472,6,0.2
865,1473,1474,1,0.03333333333333333
875,1309,1311,2,0.06666666666666667
875,1313,1314,1,0.03333333333333333
875,1316,1317,1,0.03333333333333333
882,1333,1334,1,0.03333333333333333
882,1359,1360,1,0.03333333333333333
882,1402,1404,2,0.06666666666666667
882,1405,1409,4,0.13333333333333333
882,1416,1418,2,0.06666666666666667
882,1421,1424,3,0.1
882,1428,1429,1,0.03333333333333333
882,1446,1457,11,0.36666666666666664
882,1461,1462,1,0.03333333333333333
895,1422,1424,2,0.06666666666666667
907,1429,1432,3,0.1
907,1442,1444,2,0.06666666666666667
907,1448,1451,3,0.1
911,1451,1454,3,0.1
911,1457,1458,1,0.03333333333333333
938,1477,1480,3,0.1
938,1482,1483,1,0.03333333333333333
939,1473,1484,11,0.36666666666666664
939,1487,1493,6,0.2
939,1494,1503,9,0.3
939,1506,1510,4,0.13333333333333333
939,1511,1515,4,0.13333333333333333
939,1516,1531,15,0.5
921,1472,1491,19,0.6333333333333333
921,1494,1501,7,0.23333333333333334
921,1511,1512,1,0.03333333333333333
921,1519,1520,1,0.03333333333333333
921,1524,1525,1,0.03333333333333333
921,1528,1531,3,0.1
921,1542,1547,5,0.16666666666666666
921,1902,1909,7,0.23333333333333334
921,1956,1960,4,0.13333333333333333
921,2164,2166,2,0.06666666666666667
921,2168,2171,3,0.1
921,2173,2174,1,0.03333333333333333
921,2178,2180,2,0.06666666666666667
963,1489,1491,2,0.06666666666666667
963,1495,1499,4,0.13333333333333333
963,1503,1504,1,0.03333333333333333
963,1510,1511,1,0.03333333333333333
963,1512,1515,3,0.1
963,1517,1518,1,0.03333333333333333
963,1523,1527,4,0.13333333333333333
963,1554,1555,1,0.03333333333333333
963,1580,1585,5,0.16666666666666666
956,1487,1492,5,0.16666666666666666
956,1498,1504,6,0.2
956,1516,1523,7,0.23333333333333334
956,1532,1534,2,0.06666666666666667
956,1539,1540,1,0.03333333333333333
956,1543,1546,3,0.1
956,1550,1552,2,0.06666666666666667
956,1563,1566,3,0.1
956,1586,1587,1,0.03333333333333333
986,1524,1530,6,0.2
962,1526,1535,9,0.3
962,1585,1586,1,0.03333333333333333
962,1605,1606,1,0.03333333333333333
962,1611,1612,1,0.03333333333333333
962,1618,1619,1,0.03333333333333333
962,1939,1943,4,0.13333333333333333
962,1944,1948,4,0.13333333333333333
962,1949,1951,2,0.06666666666666667
962,1989,2000,11,0.36666666666666664
962,2001,2003,2,0.06666666666666667
962,2009,2016,7,0.23333333333333334
962,2213,2225,12,0.4
962,2427,2430,3,0.1
962,2435,2439,4,0.13333333333333333
962,2530,2545,15,0.5
962,2963,2965,2,0.06666666666666667
962,2966,2967,1,0.03333333333333333
962,2969,2970,1,0.03333333333333333
962,3112,3115,3,0.1
962,3424,3426,2,0.06666666666666667
962,3481,3499,18,0.6
962,3530,3535,5,0.16666666666666666
962,3536,3544,8,0.26666666666666666
962,3545,3546,1,0.03333333333333333
962,3547,3551,4,0.13333333333333333
962,3587,3589,2,0.06666666666666667
962,3592,3595,3,0.1
962,3596,3605,9,0.3
962,3608,3613,5,0.16666666666666666
962,3616,3617,1,0.03333333333333333
962,3624,3625,1,0.03333333333333333
962,3626,3645,19,0.6333333333333333
962,3740,3750,10,0.3333333333333333
962,3996,4007,11,0.36666666666666664
962,4100,4101,1,0.03333333333333333
962,4163,4182,19,0.6333333333333333
962,4226,4361,135,4.5
962,4362,4363,1,0.03333333333333333
1018,1540,1542,2,0.06666666666666667
1018,1546,1547,1,0.03333333333333333
1018,1564,1566,2,0.06666666666666667
980,1544,1546,2,0.06666666666666667
980,1558,1563,5,0.16666666666666666
980,1715,1716,1,0.03333333333333333
980,1741,1742,1,0.03333333333333333
1019,1543,1547,4,0.13333333333333333
1019,1554,1558,4,0.13333333333333333
1019,1560,1561,1,0.03333333333333333
1019,1571,1573,2,0.06666666666666667
1019,1596,1597,1,0.03333333333333333
1019,1639,1640,1,0.03333333333333333
1007,1546,1551,5,0.16666666666666666
1007,1552,1559,7,0.23333333333333334
1029,1559,1561,2,0.06666666666666667
1029,1562,1574,12,0.4
1037,1604,1606,2,0.06666666666666667
1037,1619,1621,2,0.06666666666666667
1061,1679,1680,1,0.03333333333333333
1061,1682,1683,1,0.03333333333333333
1061,1684,1686,2,0.06666666666666667
1075,1693,1694,1,0.03333333333333333
1075,1703,1704,1,0.03333333333333333
1075,1706,1707,1,0.03333333333333333
1075,1712,1714,2,0.06666666666666667
1075,1715,1718,3,0.1
1075,1741,1745,4,0.13333333333333333
1075,1748,1751,3,0.1
1075,1752,1788,36,1.2
1050,1698,1699,1,0.03333333333333333
1050,1704,1707,3,0.1
1050,1708,1719,11,0.36666666666666664
1050,1720,1723,3,0.1
1079,1704,1706,2,0.06666666666666667
1079,1707,1729,22,0.7333333333333333
1079,1730,1732,2,0.06666666666666667
1079,1734,1748,14,0.4666666666666667
1079,1751,1752,1,0.03333333333333333
1079,1755,1760,5,0.16666666666666666
1079,1761,1776,15,0.5
1071,1693,1707,14,0.4666666666666667
1071,1708,1710,2,0.06666666666666667
927,1753,1756,3,0.1
927,1765,1773,8,0.26666666666666666
927,1774,1783,9,0.3
927,1785,1792,7,0.23333333333333334
927,1793,1812,19,0.6333333333333333
927,1815,1816,1,0.03333333333333333
927,1817,1820,3,0.1
927,1848,1849,1,0.03333333333333333
927,1855,1856,1,0.03333333333333333
927,2117,2118,1,0.03333333333333333
927,2122,2124,2,0.06666666666666667
927,2260,2261,1,0.03333333333333333
927,2299,2300,1,0.03333333333333333
927,2308,2309,1,0.03333333333333333
927,2314,2317,3,0.1
927,2328,2333,5,0.16666666666666666
927,2335,2337,2,0.06666666666666667
927,2338,2340,2,0.06666666666666667
927,2342,2345,3,0.1
927,2358,2366,8,0.26666666666666666
927,2368,2369,1,0.03333333333333333
927,2471,2472,1,0.03333333333333333
927,2473,2476,3,0.1
927,2478,2479,1,0.03333333333333333
927,2571,2604,33,1.1
927,2687,2692,5,0.16666666666666666
927,2695,2697,2,0.06666666666666667
927,2728,2729,1,0.03333333333333333
927,2735,2737,2,0.06666666666666667
927,2816,2820,4,0.13333333333333333
927,2831,2848,17,0.5666666666666667
927,2853,2861,8,0.26666666666666666
927,2890,2891,1,0.03333333333333333
927,2892,2894,2,0.06666666666666667
927,2899,2901,2,0.06666666666666667
927,2918,2919,1,0.03333333333333333
927,3343,3348,5,0.16666666666666666
927,3353,3356,3,0.1
927,3359,3379,20,0.6666666666666666
927,3413,3431,18,0.6
927,3432,3459,27,0.9
927,3539,3540,1,0.03333333333333333
927,3583,3584,1,0.03333333333333333
927,3853,3860,7,0.23333333333333334
927,3862,3863,1,0.03333333333333333
927,3867,3870,3,0.1
927,4030,4035,5,0.16666666666666666
927,4037,4041,4,0.13333333333333333
927,4042,4047,5,0.16666666666666666
927,4049,4051,2,0.06666666666666667
927,4054,4059,5,0.16666666666666666
927,4063,4066,3,0.1
927,4095,4112,17,0.5666666666666667
927,4120,4122,2,0.06666666666666667
927,4535,4537,2,0.06666666666666667
927,4538,4544,6,0.2
927,4545,4550,5,0.16666666666666666
927,4612,4613,1,0.03333333333333333
927,4615,4617,2,0.06666666666666667
927,4754,4756,2,0.06666666666666667
927,4902,4906,4,0.13333333333333333
927,4910,4915,5,0.16666666666666666
927,4916,4918,2,0.06666666666666667
927,4933,4935,2,0.06666666666666667
927,4993,4994,1,0.03333333333333333
927,4995,4997,2,0.06666666666666667
927,5034,5058,24,0.8
927,5059,5060,1,0.03333333333333333
927,5062,5073,11,0.36666666666666664
927,5083,5085,2,0.06666666666666667
927,5090,5094,4,0.13333333333333333
927,5095,5099,4,0.13333333333333333
927,5119,5135,16,0.5333333333333333
927,5156,5157,1,0.03333333333333333
927,5165,5166,1,0.03333333333333333
927,5171,5182,11,0.36666666666666664
927,5184,5195,11,0.36666666666666664
927,5386,5389,3,0.1
927,5520,5521,1,0.03333333333333333
927,5630,5632,2,0.06666666666666667
927,5645,5648,3,0.1
927,5660,5662,2,0.06666666666666667
927,5666,5669,3,0.1
927,5678,5679,1,0.03333333333333333
927,5681,5716,35,1.1666666666666667
927,5717,5718,1,0.03333333333333333
927,5721,5722,1,0.03333333333333333
927,5737,5742,5,0.16666666666666666
927,5758,5760,2,0.06666666666666667
927,5867,5871,4,0.13333333333333333
927,5873,5876,3,0.1
927,5878,5882,4,0.13333333333333333
927,5886,6030,144,4.8
927,6031,6032,1,0.03333333333333333
927,6035,6040,5,0.16666666666666666
927,6042,6165,123,4.1
927,6166,6167,1,0.03333333333333333
927,6192,6275,83,2.7666666666666666
927,6296,6297,1,0.03333333333333333
927,6298,6315,17,0.5666666666666667
927,6331,6332,1,0.03333333333333333
927,6334,6336,2,0.06666666666666667
927,6344,6345,1,0.03333333333333333
927,6346,6347,1,0.03333333333333333
927,6350,6390,40,1.3333333333333333
927,6393,6396,3,0.1
927,6398,6399,1,0.03333333333333333
927,6402,6404,2,0.06666666666666667
927,6430,6431,1,0.03333333333333333
927,6432,6438,6,0.2
927,6439,6443,4,0.13333333333333333
927,6446,6466,20,0.6666666666666666
927,6468,6473,5,0.16666666666666666
927,6474,6475,1,0.03333333333333333
927,6579,6580,1,0.03333333333333333
927,6584,6587,3,0.1
927,6601,6602,1,0.03333333333333333
927,6604,6605,1,0.03333333333333333
927,6606,6610,4,0.13333333333333333
927,6758,6759,1,0.03333333333333333
927,6763,6765,2,0.06666666666666667
927,6767,6775,8,0.26666666666666666
927,6935,6937,2,0.06666666666666667
927,6948,6956,8,0.26666666666666666
927,6970,6972,2,0.06666666666666667
927,6975,6976,1,0.03333333333333333
927,6980,7005,25,0.8333333333333334
927,7011,7012,1,0.03333333333333333
927,7015,7032,17,0.5666666666666667
927,7052,7054,2,0.06666666666666667
927,7055,7058,3,0.1
927,7246,7249,3,0.1
927,7314,7318,4,0.13333333333333333
927,7331,7344,13,0.43333333333333335
927,7345,7346,1,0.03333333333333333
927,7395,7396,1,0.03333333333333333
927,7399,7400,1,0.03333333333333333
927,7453,7455,2,0.06666666666666667
927,7458,7561,103,3.433333333333333
927,7581,7582,1,0.03333333333333333
927,7583,7585,2,0.06666666666666667
927,7587,7590,3,0.1
927,7619,7698,79,2.6333333333333333
927,7701,7714,13,0.43333333333333335
927,7736,7738,2,0.06666666666666667
927,7742,7743,1,0.03333333333333333
927,7745,7747,2,0.06666666666666667
927,7748,7751,3,0.1
927,7756,7757,1,0.03333333333333333
927,7769,7771,2,0.06666666666666667
927,7774,7805,31,1.0333333333333334
927,7807,7808,1,0.03333333333333333
927,7810,7814,4,0.13333333333333333
927,7815,7832,17,0.5666666666666667
927,7834,7887,53,1.7666666666666666
927,7897,7933,36,1.2
927,8659,8666,7,0.23333333333333334
927,9378,9382,4,0.13333333333333333
927,9426,9427,1,0.03333333333333333
927,9890,9896,6,0.2
927,10037,10038,1,0.03333333333333333
927,10054,10056,2,0.06666666666666667
927,10082,10090,8,0.26666666666666666
927,10095,10097,2,0.06666666666666667
927,10458,10459,1,0.03333333333333333
927,10465,10466,1,0.03333333333333333
927,10762,10763,1,0.03333333333333333
927,10787,10788,1,0.03333333333333333
927,10791,10795,4,0.13333333333333333
927,11227,11228,1,0.03333333333333333
927,11242,11243,1,0.03333333333333333
927,11277,11278,1,0.03333333333333333
927,11280,11282,2,0.06666666666666667
927,11290,11292,2,0.06666666666666667
927,11308,11398,90,3.0
927,11411,11421,10,0.3333333333333333
927,11422,11423,1,0.03333333333333333
927,11444,11446,2,0.06666666666666667
927,11447,11468,21,0.7
927,11469,11470,1,0.03333333333333333
927,11471,11472,1,0.03333333333333333
927,11480,11482,2,0.06666666666666667
927,11514,11516,2,0.06666666666666667
927,11521,11534,13,0.43333333333333335
927,11537,11552,15,0.5
927,11558,11565,7,0.23333333333333334
927,11566,11568,2,0.06666666666666667
927,11569,11570,1,0.03333333333333333
927,11572,11575,3,0.1
927,11720,11733,13,0.43333333333333335
927,11758,11760,2,0.06666666666666667
927,11783,11787,4,0.13333333333333333
927,11788,11791,3,0.1
1109,1840,1841,1,0.03333333333333333
1109,1842,1844,2,0.06666666666666667
1109,1867,1868,1,0.03333333333333333
1118,1840,1841,1,0.03333333333333333
1118,1843,1844,1,0.03333333333333333
1118,1847,1848,1,0.03333333333333333
1118,1849,1850,1,0.03333333333333333
1118,1851,1860,9,0.3
1120,1855,1856,1,0.03333333333333333
1120,1860,1861,1,0.03333333333333333
1120,1901,1903,2,0.06666666666666667
1120,1914,1915,1,0.03333333333333333
1120,1929,1931,2,0.06666666666666667
1121,1856,1860,4,0.13333333333333333
1121,1864,1867,3,0.1
1121,1868,1877,9,0.3
1145,1907,1915,8,0.26666666666666666
1145,1917,1918,1,0.03333333333333333
1145,1921,1929,8,0.26666666666666666
1145,1931,1936,5,0.16666666666666666
1167,1917,1921,4,0.13333333333333333
1167,1941,1943,2,0.06666666666666667
1167,1944,1951,7,0.23333333333333334
1153,1915,1923,8,0.26666666666666666
1153,1927,1929,2,0.06666666666666667
1162,1919,1924,5,0.16666666666666666
1162,1928,1933,5,0.16666666666666666
1162,1948,1949,1,0.03333333333333333
1162,1963,1964,1,0.03333333333333333
1162,1967,1968,1,0.03333333333333333
1162,1969,1973,4,0.13333333333333333
1162,1979,1984,5,0.16666666666666666
1162,1985,1987,2,0.06666666666666667
1162,1992,1993,1,0.03333333333333333
1162,2011,2013,2,0.06666666666666667
1174,1928,1929,1,0.03333333333333333
1163,1915,1929,14,0.4666666666666667
1097,1931,1935,4,0.13333333333333333
1191,1940,1944,4,0.13333333333333333
1191,1945,1952,7,0.23333333333333334
1191,1956,1961,5,0.16666666666666666
1191,1964,1967,3,0.1
1191,1968,1969,1,0.03333333333333333
1191,1971,1981,10,0.3333333333333333
1181,1947,1949,2,0.06666666666666667
1181,1957,1963,6,0.2
1181,1964,1967,3,0.1
1181,1968,1969,1,0.03333333333333333
1181,1972,1975,3,0.1
1181,1976,1987,11,0.36666666666666664
1181,1989,1991,2,0.06666666666666667
1181,1992,1993,1,0.03333333333333333
1181,1994,1996,2,0.06666666666666667
1188,1939,1951,12,0.4
1188,1952,1967,15,0.5
1225,1999,2000,1,0.03333333333333333
1225,2001,2003,2,0.06666666666666667
1225,2005,2011,6,0.2
1110,1986,2002,16,0.5333333333333333
1221,2002,2003,1,0.03333333333333333
1214,2000,2037,37,1.2333333333333334
1214,2039,2040,1,0.03333333333333333
1214,2041,2043,2,0.06666666666666667
1214,2044,2045,1,0.03333333333333333
1214,2060,2061,1,0.03333333333333333
1214,2064,2069,5,0.16666666666666666
1214,2081,2089,8,0.26666666666666666
1214,2090,2093,3,0.1
1214,2094,2101,7,0.23333333333333334
1214,2102,2110,8,0.26666666666666666
1214,2111,2133,22,0.7333333333333333
1214,2137,2160,23,0.7666666666666667
1214,2161,2171,10,0.3333333333333333
1214,2194,2196,2,0.06666666666666667
1214,2197,2198,1,0.03333333333333333
1214,2199,2204,5,0.16666666666666666
1214,2215,2221,6,0.2
1214,2222,2223,1,0.03333333333333333
1214,2224,2239,15,0.5
1214,2250,2430,180,6.0
1214,2439,2442,3,0.1
1214,2445,2454,9,0.3
1214,2455,2515,60,2.0
1214,2518,2522,4,0.13333333333333333
1214,2548,2550,2,0.06666666666666667
1214,2576,2579,3,0.1
1214,2580,2599,19,0.6333333333333333
1214,2603,2669,66,2.2
1214,2670,2841,171,5.7
1214,2842,2893,51,1.7
1214,2902,2938,36,1.2
1214,2961,2963,2,0.06666666666666667
1214,2982,2994,12,0.4
1214,2995,3019,24,0.8
1214,3023,3026,3,0.1
1214,3034,3110,76,2.533333333333333
1246,2122,2124,2,0.06666666666666667
1247,2122,2124,2,0.06666666666666667
1247,2126,2129,3,0.1
1247,2130,2133,3,0.1
1247,2144,2145,1,0.03333333333333333
1247,2148,2150,2,0.06666666666666667
1247,2153,2156,3,0.1
1247,2160,2162,2,0.06666666666666667
1247,2165,2169,4,0.13333333333333333
1247,2172,2173,1,0.03333333333333333
1247,2180,2202,22,0.7333333333333333
1247,2205,2206,1,0.03333333333333333
1247,2208,2209,1,0.03333333333333333
1247,2210,2212,2,0.06666666666666667
1247,2213,2218,5,0.16666666666666666
1247,2221,2222,1,0.03333333333333333
1261,2162,2165,3,0.1
1261,2168,2180,12,0.4
1261,2189,2190,1,0.03333333333333333
1261,2214,2215,1,0.03333333333333333
1269,2169,2174,5,0.16666666666666666
1269,2177,2180,3,0.1
1271,2185,2186,1,0.03333333333333333
1271,2274,2275,1,0.03333333333333333
1271,2302,2304,2,0.06666666666666667
1271,2330,2333,3,0.1
1271,2337,2349,12,0.4
1271,2361,2362,1,0.03333333333333333
1300,2298,2299,1,0.03333333333333333
1300,2309,2325,16,0.5333333333333333
1300,2333,2338,5,0.16666666666666666
1300,2349,2350,1,0.03333333333333333
1300,2354,2355,1,0.03333333333333333
1300,2361,2362,1,0.03333333333333333
1300,2363,2364,1,0.03333333333333333
1300,2365,2366,1,0.03333333333333333
1300,2368,2372,4,0.13333333333333333
1300,2373,2392,19,0.6333333333333333
1300,2399,2403,4,0.13333333333333333
1325,2358,2364,6,0.2
1325,2366,2369,3,0.1
1325,2370,2382,12,0.4
1325,2392,2397,5,0.16666666666666666
1325,2398,2399,1,0.03333333333333333
1325,2401,2402,1,0.03333333333333333
1325,2406,2407,1,0.03333333333333333
1325,2417,2418,1,0.03333333333333333
1333,2372,2380,8,0.26666666666666666
1334,2378,2397,19,0.6333333333333333
1356,2399,2401,2,0.06666666666666667
1356,2402,2406,4,0.13333333333333333
1356,2407,2413,6,0.2
1356,2414,2417,3,0.1
1356,2418,2419,1,0.03333333333333333
1356,2422,2424,2,0.06666666666666667
1356,2426,2431,5,0.16666666666666666
1378,2421,2426,5,0.16666666666666666
1378,2427,2431,4,0.13333333333333333
1378,2435,2436,1,0.03333333333333333
1378,2437,2439,2,0.06666666666666667
1346,2427,2429,2,0.06666666666666667
1346,2430,2449,19,0.6333333333333333
1346,2455,2458,3,0.1
1346,2459,2463,4,0.13333333333333333
1346,2465,2469,4,0.13333333333333333
1346,2484,2485,1,0.03333333333333333
1286,2436,2437,1,0.03333333333333333
1286,2439,2441,2,0.06666666666666667
1286,2442,2453,11,0.36666666666666664
1286,2904,2909,5,0.16666666666666666
1286,2921,2925,4,0.13333333333333333
1397,2435,2439,4,0.13333333333333333
1397,2443,2473,30,1.0
1397,2477,2505,28,0.9333333333333333
1435,2463,2472,9,0.3
1440,2474,2479,5,0.16666666666666666
1441,2486,2487,1,0.03333333333333333
1441,2499,2501,2,0.06666666666666667
1456,2505,2506,1,0.03333333333333333
1456,2511,2516,5,0.16666666666666666
1456,2518,2522,4,0.13333333333333333
1469,2511,2514,3,0.1
1493,2536,2538,2,0.06666666666666667
1493,2539,2541,2,0.06666666666666667
1515,2546,2547,1,0.03333333333333333
1535,2588,2590,2,0.06666666666666667
1535,2591,2592,1,0.03333333333333333
1535,2595,2596,1,0.03333333333333333
1535,2598,2602,4,0.13333333333333333
1535,2604,2605,1,0.03333333333333333
1535,2606,2607,1,0.03333333333333333
1535,2609,2612,3,0.1
1535,2615,2634,19,0.6333333333333333
1535,2635,2643,8,0.26666666666666666
1438,2554,2610,56,1.8666666666666667
1438,2854,2855,1,0.03333333333333333
1438,2857,2861,4,0.13333333333333333
1438,2862,2864,2,0.06666666666666667
1438,2914,2922,8,0.26666666666666666
1438,2926,2928,2,0.06666666666666667
1438,2930,2931,1,0.03333333333333333
1438,2933,2934,1,0.03333333333333333
1438,3067,3072,5,0.16666666666666666
1438,3073,3080,7,0.23333333333333334
1546,2610,2611,1,0.03333333333333333
1546,2612,2614,2,0.06666666666666667
1546,2618,2619,1,0.03333333333333333
1546,2620,2622,2,0.06666666666666667
1546,2623,2624,1,0.03333333333333333
1546,2630,2631,1,0.03333333333333333
1546,2636,2639,3,0.1
1546,2641,2644,3,0.1
1546,2646,2661,15,0.5
1560,2691,2697,6,0.2
1560,2701,2704,3,0.1
1560,2707,2709,2,0.06666666666666667
1560,2711,2713,2,0.06666666666666667
1560,2715,2716,1,0.03333333333333333
1560,2721,2723,2,0.06666666666666667
1564,2712,2713,1,0.03333333333333333
1564,2720,2728,8,0.26666666666666666
1564,2740,2741,1,0.03333333333333333
1564,2743,2744,1,0.03333333333333333
1580,2736,2741,5,0.16666666666666666
1580,2750,2752,2,0.06666666666666667
1580,2788,2789,1,0.03333333333333333
1580,2791,2795,4,0.13333333333333333
1580,2797,2798,1,0.03333333333333333
1580,2800,2801,1,0.03333333333333333
1580,2812,2841,29,0.9666666666666667
1580,2842,2844,2,0.06666666666666667
1580,2869,2873,4,0.13333333333333333
1580,2875,2876,1,0.03333333333333333
1580,2974,2979,5,0.16666666666666666
1589,2742,2744,2,0.06666666666666667
1584,2728,2747,19,0.6333333333333333
1584,2749,2750,1,0.03333333333333333
1592,2760,2761,1,0.03333333333333333
1592,2769,2771,2,0.06666666666666667
1592,2778,2779,1,0.03333333333333333
1632,2904,2907,3,0.1
1632,2909,2910,1,0.03333333333333333
1632,2913,2928,15,0.5
1632,2929,2931,2,0.06666666666666667
1632,2934,2935,1,0.03333333333333333
1632,2938,2949,11,0.36666666666666664
1637,2909,2921,12,0.4
1637,2925,2934,9,0.3
1637,3053,3054,1,0.03333333333333333
1637,3331,3382,51,1.7
1637,3383,3386,3,0.1
1637,3388,3389,1,0.03333333333333333
1637,3399,3401,2,0.06666666666666667
1637,3469,3479,10,0.3333333333333333
1663,2933,2937,4,0.13333333333333333
1663,2938,2941,3,0.1
1684,2969,2970,1,0.03333333333333333
1684,2973,2975,2,0.06666666666666667
1684,2977,2981,4,0.13333333333333333
1684,2989,2997,8,0.26666666666666666
1684,3001,3002,1,0.03333333333333333
1684,3010,3017,7,0.23333333333333334
1684,3019,3023,4,0.13333333333333333
1684,3029,3036,7,0.23333333333333334
1702,3001,3004,3,0.1
1702,3005,3008,3,0.1
1702,3009,3016,7,0.23333333333333334
1702,3032,3036,4,0.13333333333333333
1702,3045,3047,2,0.06666666666666667
1702,3049,3060,11,0.36666666666666664
1702,3061,3073,12,0.4
1702,3076,3090,14,0.4666666666666667
1706,3004,3005,1,0.03333333333333333
1706,3008,3009,1,0.03333333333333333
1706,3014,3015,1,0.03333333333333333
1714,3032,3037,5,0.16666666666666666
1714,3039,3041,2,0.06666666666666667
1722,3041,3043,2,0.06666666666666667
1722,3046,3048,2,0.06666666666666667
1722,3049,3050,1,0.03333333333333333
1722,3056,3058,2,0.06666666666666667
1722,3072,3073,1,0.03333333333333333
1722,3074,3076,2,0.06666666666666667
1722,3077,3078,1,0.03333333333333333
1722,3081,3082,1,0.03333333333333333
1722,3089,3098,9,0.3
1722,3100,3101,1,0.03333333333333333
1729,3076,3077,1,0.03333333333333333
1729,3082,3084,2,0.06666666666666667
1729,3089,3091,2,0.06666666666666667
1729,3093,3094,1,0.03333333333333333
1729,3096,3098,2,0.06666666666666667
1746,3089,3090,1,0.03333333333333333
1746,3396,3398,2,0.06666666666666667
1746,3403,3408,5,0.16666666666666666
1746,3414,3416,2,0.06666666666666667
1746,3418,3419,1,0.03333333333333333
1746,3422,3427,5,0.16666666666666666
1769,3274,3276,2,0.06666666666666667
1769,3280,3281,1,0.03333333333333333
1769,3286,3289,3,0.1
1769,3292,3293,1,0.03333333333333333
1769,3294,3297,3,0.1
1769,3300,3305,5,0.16666666666666666
1769,3309,3340,31,1.0333333333333334
1769,3341,3345,4,0.13333333333333333
1775,3313,3314,1,0.03333333333333333
1775,3319,3321,2,0.06666666666666667
1775,3326,3328,2,0.06666666666666667
1775,3330,3341,11,0.36666666666666664
1775,3343,3372,29,0.9666666666666667
1775,3375,3382,7,0.23333333333333334
1775,3383,3391,8,0.26666666666666666
1775,3409,3410,1,0.03333333333333333
1775,3411,3419,8,0.26666666666666666
1775,3442,3444,2,0.06666666666666667
1775,3450,3451,1,0.03333333333333333
1790,3324,3325,1,0.03333333333333333
1790,3326,3330,4,0.13333333333333333
1801,3330,3336,6,0.2
1801,3348,3373,25,0.8333333333333334
1801,3629,3631,2,0.06666666666666667
1801,3632,3636,4,0.13333333333333333
1801,3640,3642,2,0.06666666666666667
1801,3657,3663,6,0.2
1801,3667,3671,4,0.13333333333333333
1801,3673,3675,2,0.06666666666666667
1801,3680,3689,9,0.3
1804,3338,3340,2,0.06666666666666667
1804,3342,3354,12,0.4
1804,3357,3360,3,0.1
1804,3363,3365,2,0.06666666666666667
1804,3369,3370,1,0.03333333333333333
1804,3371,3372,1,0.03333333333333333
1804,3379,3380,1,0.03333333333333333
1804,3383,3384,1,0.03333333333333333
1804,3394,3395,1,0.03333333333333333
1804,3396,3399,3,0.1
1804,3400,3401,1,0.03333333333333333
1804,3402,3405,3,0.1
1804,3413,3414,1,0.03333333333333333
1830,3375,3381,6,0.2
1830,3382,3384,2,0.06666666666666667
1830,3386,3418,32,1.0666666666666667
1830,3442,3445,3,0.1
1830,3448,3453,5,0.16666666666666666
1830,3455,3463,8,0.26666666666666666
1800,3420,3434,14,0.4666666666666667
1800,3435,3449,14,0.4666666666666667
1800,3450,3457,7,0.23333333333333334
1800,3466,3472,6,0.2
1800,3478,3480,2,0.06666666666666667
1800,3481,3490,9,0.3
1800,3509,3512,3,0.1
1800,3513,3518,5,0.16666666666666666
1800,3519,3533,14,0.4666666666666667
1800,3536,3540,4,0.13333333333333333
1800,3541,3542,1,0.03333333333333333
1800,3543,3548,5,0.16666666666666666
1800,3549,3552,3,0.1
1800,3555,3556,1,0.03333333333333333
1796,3436,3438,2,0.06666666666666667
1796,3564,3568,4,0.13333333333333333
1781,3403,3450,47,1.5666666666666667
1781,3456,3457,1,0.03333333333333333
1781,3460,3461,1,0.03333333333333333
1781,3463,3486,23,0.7666666666666667
1781,3488,3503,15,0.5
1781,3504,3506,2,0.06666666666666667
1933,3457,3465,8,0.26666666666666666
1933,3466,3525,59,1.9666666666666666
1935,3480,3487,7,0.23333333333333334
1935,3490,3496,6,0.2
1935,3498,3499,1,0.03333333333333333
1935,3500,3502,2,0.06666666666666667
1998,3527,3530,3,0.1
1998,3533,3536,3,0.1
1998,3539,3541,2,0.06666666666666667
1998,3559,3560,1,0.03333333333333333
1998,3577,3578,1,0.03333333333333333
1998,3599,3611,12,0.4
1998,3612,3619,7,0.23333333333333334
1998,3620,3623,3,0.1
1998,3624,3625,1,0.03333333333333333
1998,3626,3627,1,0.03333333333333333
1998,3628,3632,4,0.13333333333333333
2029,3549,3550,1,0.03333333333333333
2029,3576,3583,7,0.23333333333333334
2029,3587,3588,1,0.03333333333333333
2029,3589,3595,6,0.2
2029,3596,3597,1,0.03333333333333333
2029,3599,3615,16,0.5333333333333333
2029,3619,3620,1,0.03333333333333333
2029,3624,3627,3,0.1
2029,3631,3632,1,0.03333333333333333
2029,3635,3636,1,0.03333333333333333
2029,3639,3643,4,0.13333333333333333
2009,3559,3560,1,0.03333333333333333
2009,3561,3574,13,0.43333333333333335
2063,3578,3600,22,0.7333333333333333
2063,3609,3613,4,0.13333333333333333
2063,3614,3615,1,0.03333333333333333
2063,3620,3621,1,0.03333333333333333
2063,3623,3624,1,0.03333333333333333
2063,3626,3638,12,0.4
2063,3643,3648,5,0.16666666666666666
2063,3649,3651,2,0.06666666666666667
2063,3653,3655,2,0.06666666666666667
2063,3656,3699,43,1.4333333333333333
2063,3700,3702,2,0.06666666666666667
2063,3708,3714,6,0.2
2063,3728,3731,3,0.1
2063,3733,3757,24,0.8
2063,3774,3795,21,0.7
2063,3910,3911,1,0.03333333333333333
2063,3912,3913,1,0.03333333333333333
2063,3919,3920,1,0.03333333333333333
2063,3924,4019,95,3.1666666666666665
2063,4024,4025,1,0.03333333333333333
2063,4031,4033,2,0.06666666666666667
2063,4038,4039,1,0.03333333333333333
2063,4047,4050,3,0.1
2063,4069,4070,1,0.03333333333333333
2063,4076,4080,4,0.13333333333333333
2063,4083,4087,4,0.13333333333333333
2063,4088,4115,27,0.9
2063,4116,4120,4,0.13333333333333333
2063,4123,4126,3,0.1
2063,4150,4163,13,0.43333333333333335
2063,4172,4198,26,0.8666666666666667
2063,4199,4200,1,0.03333333333333333
2063,4203,4220,17,0.5666666666666667
2063,4222,4301,79,2.6333333333333333
2063,4303,4308,5,0.16666666666666666
2063,4312,4315,3,0.1
2063,4316,4319,3,0.1
2063,4326,4330,4,0.13333333333333333
2063,4332,4334,2,0.06666666666666667
2063,4353,4366,13,0.43333333333333335
2063,4368,4370,2,0.06666666666666667
2063,4384,4389,5,0.16666666666666666
2063,4392,4424,32,1.0666666666666667
2063,4425,4433,8,0.26666666666666666
2063,4434,4505,71,2.3666666666666667
2063,4506,4585,79,2.6333333333333333
2063,4586,4612,26,0.8666666666666667
2063,4627,4628,1,0.03333333333333333
2063,4629,4637,8,0.26666666666666666
2063,4640,4641,1,0.03333333333333333
2063,4650,4723,73,2.433333333333333
2063,4765,4766,1,0.03333333333333333
2063,4767,4768,1,0.03333333333333333
2063,4771,4958,187,6.233333333333333
2063,4959,4961,2,0.06666666666666667
2063,4967,4969,2,0.06666666666666667
2063,4971,4974,3,0.1
2063,4975,4981,6,0.2
2063,4982,4990,8,0.26666666666666666
2063,5005,5030,25,0.8333333333333334
2063,5041,5052,11,0.36666666666666664
2063,5054,5085,31,1.0333333333333334
2063,5112,5193,81,2.7
2063,5199,5226,27,0.9
2063,5243,5323,80,2.6666666666666665
2063,5324,5746,422,14.066666666666666
2063,5748,5791,43,1.4333333333333333
2063,5792,5796,4,0.13333333333333333
2063,5810,5817,7,0.23333333333333334
2063,5818,5819,1,0.03333333333333333
2063,5843,5844,1,0.03333333333333333
2063,5852,5868,16,0.5333333333333333
2063,5871,5873,2,0.06666666666666667
2063,5876,5879,3,0.1
2063,5881,5887,6,0.2
2063,5891,5905,14,0.4666666666666667
2063,5914,5915,1,0.03333333333333333
2063,5919,5921,2,0.06666666666666667
2063,5922,5927,5,0.16666666666666666
2063,5930,5953,23,0.7666666666666667
2063,5958,6167,209,6.966666666666667
2086,3587,3600,13,0.43333333333333335
2094,3599,3601,2,0.06666666666666667
2094,3602,3603,1,0.03333333333333333
2094,3615,3616,1,0.03333333333333333
2094,3629,3631,2,0.06666666666666667
2094,3640,3642,2,0.06666666666666667
2094,3662,3663,1,0.03333333333333333
2094,3664,3667,3,0.1
2078,3603,3604,1,0.03333333333333333
2078,3635,3636,1,0.03333333333333333
2092,3603,3628,25,0.8333333333333334
2092,3632,3635,3,0.1
2092,3639,3640,1,0.03333333333333333
2092,3682,3685,3,0.1
2092,3686,3688,2,0.06666666666666667
2092,3702,3720,18,0.6
2092,3729,3731,2,0.06666666666666667
2092,3733,3734,1,0.03333333333333333
2092,3735,3739,4,0.13333333333333333
2092,3740,3742,2,0.06666666666666667
2092,3743,3751,8,0.26666666666666666
2092,3752,3754,2,0.06666666666666667
2092,3755,3764,9,0.3
2092,3774,3775,1,0.03333333333333333
2092,3865,3866,1,0.03333333333333333
2092,3871,3872,1,0.03333333333333333
2092,3876,3880,4,0.13333333333333333
2092,3883,3892,9,0.3
2092,3912,3943,31,1.0333333333333334
2092,3973,3975,2,0.06666666666666667
2092,3976,3978,2,0.06666666666666667
2092,4004,4014,10,0.3333333333333333
2092,4034,4035,1,0.03333333333333333
2092,4038,4045,7,0.23333333333333334
2092,4046,4182,136,4.533333333333333
2092,4184,4190,6,0.2
2092,4191,4194,3,0.1
2092,4195,4200,5,0.16666666666666666
2092,4210,4214,4,0.13333333333333333
2092,4215,4217,2,0.06666666666666667
2136,3636,3637,1,0.03333333333333333
2136,3638,3639,1,0.03333333333333333
2136,3642,3643,1,0.03333333333333333
2136,3647,3650,3,0.1
2121,3636,3639,3,0.1
2121,3640,3642,2,0.06666666666666667
2152,3650,3651,1,0.03333333333333333
2160,3685,3693,8,0.26666666666666666
2160,3709,3716,7,0.23333333333333334
2160,3719,3720,1,0.03333333333333333
2160,3722,3726,4,0.13333333333333333
2140,3693,3696,3,0.1
2140,3703,3704,1,0.03333333333333333
2140,3706,3709,3,0.1
2140,3710,3715,5,0.16666666666666666
2182,3726,3727,1,0.03333333333333333
2182,3728,3732,4,0.13333333333333333
2182,3749,3750,1,0.03333333333333333
2182,3754,3755,1,0.03333333333333333
2182,3758,3759,1,0.03333333333333333
2182,3762,3764,2,0.06666666666666667
2182,3768,3771,3,0.1
2182,3775,3784,9,0.3
2182,3791,3792,1,0.03333333333333333
2182,3802,3804,2,0.06666666666666667
2183,3727,3732,5,0.16666666666666666
2183,3734,3735,1,0.03333333333333333
2183,3739,3740,1,0.03333333333333333
2183,3745,3746,1,0.03333333333333333
2189,3739,3740,1,0.03333333333333333
2189,3742,3745,3,0.1
2189,3746,3748,2,0.06666666666666667
2189,3750,3751,1,0.03333333333333333
2209,3790,3791,1,0.03333333333333333
2213,3803,3804,1,0.03333333333333333
2213,3805,3808,3,0.1
2213,3811,3814,3,0.1
2213,3819,3820,1,0.03333333333333333
2230,3875,3876,1,0.03333333333333333
2230,3886,3888,2,0.06666666666666667
2230,3890,3891,1,0.03333333333333333
2230,3895,3896,1,0.03333333333333333
2230,3898,3907,9,0.3
2230,3908,3913,5,0.16666666666666666
2230,3918,3919,1,0.03333333333333333
2230,3922,3925,3,0.1
2230,3926,3934,8,0.26666666666666666
2230,3935,3936,1,0.03333333333333333
2232,3877,3886,9,0.3
2232,3888,3889,1,0.03333333333333333
2232,3891,3898,7,0.23333333333333334
2232,3900,3901,1,0.03333333333333333
2232,3903,3906,3,0.1
2232,3907,3911,4,0.13333333333333333
2232,3912,3927,15,0.5
2234,3901,3902,1,0.03333333333333333
2234,3903,3906,3,0.1
2234,3936,3937,1,0.03333333333333333
2247,3918,3919,1,0.03333333333333333
2268,3964,3970,6,0.2
2274,3970,3971,1,0.03333333333333333
2274,3972,3974,2,0.06666666666666667
2274,3977,3978,1,0.03333333333333333
2274,3980,3982,2,0.06666666666666667
2274,3985,3987,2,0.06666666666666667
2274,3991,3997,6,0.2
2274,4011,4012,1,0.03333333333333333
2273,3968,3974,6,0.2
2273,3975,3977,2,0.06666666666666667
2273,3978,3979,1,0.03333333333333333
2317,4031,4039,8,0.26666666666666666
2317,4040,4042,2,0.06666666666666667
2317,4043,4046,3,0.1
2317,4063,4067,4,0.13333333333333333
2330,4092,4094,2,0.06666666666666667
2330,4099,4100,1,0.03333333333333333
2330,4102,4103,1,0.03333333333333333
2330,4104,4105,1,0.03333333333333333
2330,4107,4110,3,0.1
2330,4116,4119,3,0.1
2330,4122,4127,5,0.16666666666666666
2330,4128,4136,8,0.26666666666666666
2330,4142,4147,5,0.16666666666666666
2330,4152,4153,1,0.03333333333333333
2330,4158,4164,6,0.2
2330,4165,4166,1,0.03333333333333333
2330,4168,4170,2,0.06666666666666667
2330,4174,4175,1,0.03333333333333333
2330,4178,4179,1,0.03333333333333333
2337,4099,4100,1,0.03333333333333333
2337,4104,4106,2,0.06666666666666667
2337,4108,4111,3,0.1
2337,4117,4124,7,0.23333333333333334
2337,4126,4129,3,0.1
2337,4130,4135,5,0.16666666666666666
2337,4139,4146,7,0.23333333333333334
2337,4147,4148,1,0.03333333333333333
2065,4128,4129,1,0.03333333333333333
2065,4130,4131,1,0.03333333333333333
2065,4134,4139,5,0.16666666666666666
2065,4140,4141,1,0.03333333333333333
2065,4158,4160,2,0.06666666666666667
2065,4332,4337,5,0.16666666666666666
2065,4338,4339,1,0.03333333333333333
2065,4353,4354,1,0.03333333333333333
2065,4992,4993,1,0.03333333333333333
2065,5118,5130,12,0.4
2065,5133,5134,1,0.03333333333333333
2065,5196,5202,6,0.2
2354,4130,4134,4,0.13333333333333333
2354,4135,4141,6,0.2
2354,4143,4146,3,0.1
2383,4147,4148,1,0.03333333333333333
2379,4140,4154,14,0.4666666666666667
2379,4155,4157,2,0.06666666666666667
2379,4159,4165,6,0.2
2379,4166,4168,2,0.06666666666666667
2379,4171,4175,4,0.13333333333333333
2379,4192,4198,6,0.2
2379,4199,4201,2,0.06666666666666667
2379,4203,4204,1,0.03333333333333333
2379,4206,4208,2,0.06666666666666667
2379,4218,4226,8,0.26666666666666666
2387,4148,4155,7,0.23333333333333334
2387,4159,4163,4,0.13333333333333333
2387,4164,4165,1,0.03333333333333333
2387,4172,4176,4,0.13333333333333333
2387,4179,4182,3,0.1
2387,4187,4190,3,0.1
2387,4194,4196,2,0.06666666666666667
2387,4198,4203,5,0.16666666666666666
2387,4204,4210,6,0.2
2401,4170,4171,1,0.03333333333333333
2416,4190,4192,2,0.06666666666666667
2416,4212,4223,11,0.36666666666666664
2416,4224,4226,2,0.06666666666666667
2416,4230,4231,1,0.03333333333333333
2416,4234,4235,1,0.03333333333333333
2416,4236,4241,5,0.16666666666666666
2416,4242,4250,8,0.26666666666666666
2416,4252,4254,2,0.06666666666666667
2416,4267,4268,1,0.03333333333333333
2416,4273,4276,3,0.1
2416,4345,4349,4,0.13333333333333333
2416,4351,4356,5,0.16666666666666666
2416,4362,4363,1,0.03333333333333333
2324,4186,4199,13,0.43333333333333335
2324,4200,4203,3,0.1
2324,4216,4219,3,0.1
2324,4220,4222,2,0.06666666666666667
2324,4230,4232,2,0.06666666666666667
2324,4243,4276,33,1.1
2324,4314,4316,2,0.06666666666666667
2324,4319,4320,1,0.03333333333333333
2324,4330,4332,2,0.06666666666666667
2324,4335,4338,3,0.1
2450,4261,4263,2,0.06666666666666667
2450,4266,4320,54,1.8
2450,4330,4337,7,0.23333333333333334
2450,4338,4339,1,0.03333333333333333
2450,4362,4363,1,0.03333333333333333
2450,4378,4385,7,0.23333333333333334
2521,4311,4312,1,0.03333333333333333
2521,4313,4314,1,0.03333333333333333
2521,4461,4463,2,0.06666666666666667
2521,4505,4509,4,0.13333333333333333
2521,4510,4512,2,0.06666666666666667
2521,4518,4520,2,0.06666666666666667
2521,4521,4552,31,1.0333333333333334
2519,4330,4331,1,0.03333333333333333
2531,4335,4337,2,0.06666666666666667
2550,4335,4339,4,0.13333333333333333
2550,4351,4353,2,0.06666666666666667
2550,4357,4358,1,0.03333333333333333
2550,4360,4368,8,0.26666666666666666
2550,4369,4381,12,0.4
2550,4385,4386,1,0.03333333333333333
2550,4492,4493,1,0.03333333333333333
2550,4496,4499,3,0.1
2550,4616,4620,4,0.13333333333333333
2550,4630,4635,5,0.16666666666666666
2550,4636,4641,5,0.16666666666666666
2452,4307,4353,46,1.5333333333333334
2603,4381,4400,19,0.6333333333333333
2603,4401,4404,3,0.1
2603,4416,4424,8,0.26666666666666666
2603,4425,4434,9,0.3
2631,4414,4417,3,0.1
2631,4418,4420,2,0.06666666666666667
2631,4422,4433,11,0.36666666666666664
2631,4434,4440,6,0.2
2631,4441,4444,3,0.1
2631,4445,4446,1,0.03333333333333333
2631,4448,4453,5,0.16666666666666666
2520,4380,4445,65,2.1666666666666665
2520,4449,4489,40,1.3333333333333333
2520,4490,4509,19,0.6333333333333333
2520,4510,4513,3,0.1
2520,4520,4521,1,0.03333333333333333
2520,4522,4529,7,0.23333333333333334
2520,4536,4537,1,0.03333333333333333
2520,4538,4541,3,0.1
2520,4553,4554,1,0.03333333333333333
2520,4588,4590,2,0.06666666666666667
2520,4599,4601,2,0.06666666666666667
2520,4608,4609,1,0.03333333333333333
2520,4682,4684,2,0.06666666666666667
2520,4704,4706,2,0.06666666666666667
2520,4734,4736,2,0.06666666666666667
2520,4737,4747,10,0.3333333333333333
2520,4749,4750,1,0.03333333333333333
2634,4481,4482,1,0.03333333333333333
2679,4482,4497,15,0.5
2679,4504,4505,1,0.03333333333333333
2679,4506,4508,2,0.06666666666666667
2717,4530,4577,47,1.5666666666666667
2717,4578,4585,7,0.23333333333333334
2717,4586,4587,1,0.03333333333333333
2717,4588,4590,2,0.06666666666666667
2717,4594,4599,5,0.16666666666666666
2717,4620,4621,1,0.03333333333333333
2717,4622,4623,1,0.03333333333333333
2717,4629,4725,96,3.2
2717,4726,4768,42,1.4
2717,4805,4808,3,0.1
2717,4832,4836,4,0.13333333333333333
2717,4838,4843,5,0.16666666666666666
2717,4844,4848,4,0.13333333333333333
2717,4849,4854,5,0.16666666666666666
2717,4855,4856,1,0.03333333333333333
2717,4900,4921,21,0.7
2717,4962,4976,14,0.4666666666666667
2717,4978,4979,1,0.03333333333333333
2717,5010,5012,2,0.06666666666666667
2717,5027,5031,4,0.13333333333333333
2717,5171,5173,2,0.06666666666666667
2717,5174,5177,3,0.1
2717,5244,5250,6,0.2
2717,5251,5256,5,0.16666666666666666
2717,5513,5517,4,0.13333333333333333
2717,5551,5552,1,0.03333333333333333
2717,5559,5576,17,0.5666666666666667
2717,5713,5715,2,0.06666666666666667
2717,5789,5790,1,0.03333333333333333
2717,5791,5797,6,0.2
2717,6322,6324,2,0.06666666666666667
2717,6340,6342,2,0.06666666666666667
2717,6351,6363,12,0.4
2717,6428,6430,2,0.06666666666666667
2717,6433,6452,19,0.6333333333333333
2717,6454,6455,1,0.03333333333333333
2717,6573,6581,8,0.26666666666666666
2717,6582,6588,6,0.2
2717,6659,6662,3,0.1
2717,6702,6714,12,0.4
2717,6798,6799,1,0.03333333333333333
2717,6830,6834,4,0.13333333333333333
2717,6836,6840,4,0.13333333333333333
2717,6922,6923,1,0.03333333333333333
2717,7085,7099,14,0.4666666666666667
2717,7553,7556,3,0.1
2717,7746,7759,13,0.43333333333333335
2717,8220,8223,3,0.1
2717,8228,8229,1,0.03333333333333333
2717,8231,8234,3,0.1
2717,8237,8240,3,0.1
2717,8241,8246,5,0.16666666666666666
2717,8248,8252,4,0.13333333333333333
2717,8253,8255,2,0.06666666666666667
2717,8264,8532,268,8.933333333333334
2717,8534,8688,154,5.133333333333334
2717,8690,8870,180,6.0
2717,8871,8902,31,1.0333333333333334
2784,4647,4650,3,0.1
2784,4651,4656,5,0.16666666666666666
2784,4657,4659,2,0.06666666666666667
2784,4660,4661,1,0.03333333333333333
2784,4675,4677,2,0.06666666666666667
2784,4679,4684,5,0.16666666666666666
2741,4631,4672,41,1.3666666666666667
2741,4675,4676,1,0.03333333333333333
2741,4766,4768,2,0.06666666666666667
2741,4781,4793,12,0.4
2741,4800,4824,24,0.8
2741,4831,4845,14,0.4666666666666667
2741,4846,4885,39,1.3
2741,4886,4888,2,0.06666666666666667
2741,4900,4901,1,0.03333333333333333
2816,4693,4694,1,0.03333333333333333
2835,4704,4705,1,0.03333333333333333
2838,4711,4717,6,0.2
2838,4718,4721,3,0.1
2838,4722,4728,6,0.2
2838,4729,4737,8,0.26666666666666666
2845,4717,4728,11,0.36666666666666664
2845,4729,4730,1,0.03333333333333333
2845,4733,4734,1,0.03333333333333333
2845,4742,4744,2,0.06666666666666667
2845,4764,4765,1,0.03333333333333333
2845,4793,4795,2,0.06666666666666667
2874,4789,4792,3,0.1
2874,4816,4817,1,0.03333333333333333
2874,4825,4826,1,0.03333333333333333
2896,4833,4838,5,0.16666666666666666
2896,4841,4844,3,0.1
2896,4848,4849,1,0.03333333333333333
2896,4850,4853,3,0.1
2896,4856,4858,2,0.06666666666666667
2896,4865,4868,3,0.1
2896,4869,4870,1,0.03333333333333333
2913,4841,4844,3,0.1
2913,4846,4853,7,0.23333333333333334
2913,4854,4862,8,0.26666666666666666
2913,4864,4891,27,0.9
2913,4893,4896,3,0.1
2913,4897,4898,1,0.03333333333333333
2913,4900,4901,1,0.03333333333333333
2907,4862,4864,2,0.06666666666666667
2907,4867,4882,15,0.5
2932,4870,4872,2,0.06666666666666667
2932,4880,4881,1,0.03333333333333333
2932,4915,4918,3,0.1
2932,4927,4929,2,0.06666666666666667
2946,4898,4900,2,0.06666666666666667
2946,4903,4904,1,0.03333333333333333
2946,4906,4910,4,0.13333333333333333
2956,4913,4914,1,0.03333333333333333
2960,4937,4938,1,0.03333333333333333
2964,4942,4944,2,0.06666666666666667
2964,4949,4953,4,0.13333333333333333
2971,4967,4970,3,0.1
3036,5039,5042,3,0.1
3036,5198,5206,8,0.26666666666666666
3024,5059,5062,3,0.1
3024,5064,5075,11,0.36666666666666664
3024,5090,5097,7,0.23333333333333334
3024,5106,5150,44,1.4666666666666666
3049,5088,5091,3,0.1
3049,5098,5099,1,0.03333333333333333
3049,5111,5112,1,0.03333333333333333
3049,5113,5115,2,0.06666666666666667
3050,5104,5106,2,0.06666666666666667
3050,5131,5133,2,0.06666666666666667
3050,5140,5141,1,0.03333333333333333
3050,5142,5143,1,0.03333333333333333
3050,5144,5146,2,0.06666666666666667
3050,5163,5165,2,0.06666666666666667
3050,5168,5169,1,0.03333333333333333
3050,5170,5171,1,0.03333333333333333
3050,5193,5217,24,0.8
3050,5219,5222,3,0.1
3050,5223,5226,3,0.1
3050,5227,5230,3,0.1
3050,5239,5240,1,0.03333333333333333
3050,5243,5246,3,0.1
3066,5123,5131,8,0.26666666666666666
3066,5133,5134,1,0.03333333333333333
3066,5139,5141,2,0.06666666666666667
3066,5142,5145,3,0.1
3066,5148,5156,8,0.26666666666666666
3066,5157,5158,1,0.03333333333333333
3066,5161,5162,1,0.03333333333333333
3066,5171,5179,8,0.26666666666666666
2967,5131,5133,2,0.06666666666666667
3088,5139,5140,1,0.03333333333333333
3088,5141,5142,1,0.03333333333333333
3088,5143,5144,1,0.03333333333333333
3076,5143,5144,1,0.03333333333333333
3076,5158,5161,3,0.1
3076,5171,5175,4,0.13333333333333333
3076,5184,5186,2,0.06666666666666667
3076,5187,5194,7,0.23333333333333334
3076,5196,5205,9,0.3
3076,5207,5208,1,0.03333333333333333
3076,5209,5220,11,0.36666666666666664
3072,5142,5156,14,0.4666666666666667
3072,5160,5166,6,0.2
3072,5171,5175,4,0.13333333333333333
3072,5202,5203,1,0.03333333333333333
3072,5210,5213,3,0.1
3072,5221,5223,2,0.06666666666666667
3072,5225,5230,5,0.16666666666666666
3072,5232,5234,2,0.06666666666666667
3072,5240,5246,6,0.2
3072,5247,5251,4,0.13333333333333333
3087,5158,5163,5,0.16666666666666666
3087,5169,5171,2,0.06666666666666667
3087,5174,5177,3,0.1
3087,5182,5184,2,0.06666666666666667
3087,5194,5205,11,0.36666666666666664
3087,5209,5210,1,0.03333333333333333
3087,5213,5225,12,0.4
3087,5226,5233,7,0.23333333333333334
3087,5235,5251,16,0.5333333333333333
3087,5252,5266,14,0.4666666666666667
3101,5169,5170,1,0.03333333333333333
3146,5178,5179,1,0.03333333333333333
3148,5179,5182,3,0.1
3148,5189,5190,1,0.03333333333333333
3148,5210,5211,1,0.03333333333333333
3148,5238,5239,1,0.03333333333333333
3148,5240,5241,1,0.03333333333333333
3148,5242,5244,2,0.06666666666666667
3148,5246,5247,1,0.03333333333333333
3148,5248,5250,2,0.06666666666666667
3148,5254,5258,4,0.13333333333333333
3148,5262,5263,1,0.03333333333333333
3165,5193,5197,4,0.13333333333333333
3165,5205,5210,5,0.16666666666666666
3165,5220,5221,1,0.03333333333333333
3165,5222,5223,1,0.03333333333333333
3165,5225,5230,5,0.16666666666666666
3165,5231,5233,2,0.06666666666666667
3165,5236,5238,2,0.06666666666666667
3165,5239,5246,7,0.23333333333333334
3165,5258,5260,2,0.06666666666666667
3163,5202,5203,1,0.03333333333333333
3163,5963,5964,1,0.03333333333333333
3163,5965,5970,5,0.16666666666666666
3163,5980,5981,1,0.03333333333333333
3163,6088,6089,1,0.03333333333333333
3163,6250,6259,9,0.3
3163,6296,6298,2,0.06666666666666667
3163,6299,6300,1,0.03333333333333333
3163,6302,6304,2,0.06666666666666667
3163,6310,6315,5,0.16666666666666666
3163,6401,6404,3,0.1
3163,6484,6489,5,0.16666666666666666
3163,6491,6496,5,0.16666666666666666
3199,5217,5218,1,0.03333333333333333
3199,5219,5221,2,0.06666666666666667
3199,5222,5223,1,0.03333333333333333
3199,5225,5238,13,0.43333333333333335
3199,5239,5250,11,0.36666666666666664
3199,5252,5262,10,0.3333333333333333
3255,5270,5271,1,0.03333333333333333
3255,5274,5276,2,0.06666666666666667
3255,5425,5430,5,0.16666666666666666
3255,5434,5435,1,0.03333333333333333
3255,5439,5440,1,0.03333333333333333
3255,5444,5451,7,0.23333333333333334
3255,5458,5459,1,0.03333333333333333
3273,5350,5367,17,0.5666666666666667
3273,5368,5375,7,0.23333333333333334
3273,5376,5377,1,0.03333333333333333
3273,5382,5582,200,6.666666666666667
3279,5391,5396,5,0.16666666666666666
3279,5398,5399,1,0.03333333333333333
3279,5406,5407,1,0.03333333333333333
3279,5408,5410,2,0.06666666666666667
3279,5427,5430,3,0.1
3279,5431,5435,4,0.13333333333333333
3279,5436,5438,2,0.06666666666666667
3279,5443,5447,4,0.13333333333333333
3279,5449,5450,1,0.03333333333333333
3279,5452,5464,12,0.4
3279,5470,5474,4,0.13333333333333333
3279,5475,5476,1,0.03333333333333333
3289,5424,5425,1,0.03333333333333333
3289,5427,5430,3,0.1
3289,5432,5434,2,0.06666666666666667
3289,5442,5446,4,0.13333333333333333
3289,5467,5471,4,0.13333333333333333
3289,5485,5487,2,0.06666666666666667
3289,5489,5492,3,0.1
3289,5494,5495,1,0.03333333333333333
3298,5444,5446,2,0.06666666666666667
3298,5447,5450,3,0.1
3298,5452,5453,1,0.03333333333333333
3298,5455,5456,1,0.03333333333333333
3298,5459,5461,2,0.06666666666666667
3298,5472,5474,2,0.06666666666666667
3298,5513,5515,2,0.06666666666666667
3298,5528,5531,3,0.1
3298,5532,5535,3,0.1
3307,5460,5463,3,0.1
3312,5484,5485,1,0.03333333333333333
3312,5486,5489,3,0.1
3312,5490,5495,5,0.16666666666666666
3312,5498,5499,1,0.03333333333333333
3312,5500,5501,1,0.03333333333333333
3312,5507,5521,14,0.4666666666666667
3312,5527,5538,11,0.36666666666666664
3312,5539,5549,10,0.3333333333333333
3327,5521,5523,2,0.06666666666666667
3327,5526,5527,1,0.03333333333333333
3327,5538,5539,1,0.03333333333333333
3327,5549,5550,1,0.03333333333333333
3327,5551,5552,1,0.03333333333333333
3327,5564,5565,1,0.03333333333333333
3325,5543,5544,1,0.03333333333333333
3264,5578,5579,1,0.03333333333333333
3264,5580,5581,1,0.03333333333333333
3264,5584,5599,15,0.5
3264,5608,5610,2,0.06666666666666667
3391,5713,5714,1,0.03333333333333333
3391,5716,5718,2,0.06666666666666667
3391,5719,5721,2,0.06666666666666667
3391,5722,5725,3,0.1
3391,5729,5738,9,0.3
3412,5719,5720,1,0.03333333333333333
3412,5724,5729,5,0.16666666666666666
3412,5732,5736,4,0.13333333333333333
3412,5746,5753,7,0.23333333333333334
3412,5754,5757,3,0.1
3424,5734,5741,7,0.23333333333333334
3424,5762,5764,2,0.06666666666666667
3424,5776,5777,1,0.03333333333333333
3424,5778,5784,6,0.2
3485,5854,5855,1,0.03333333333333333
3485,5861,5863,2,0.06666666666666667
3489,5861,5866,5,0.16666666666666666
3489,5870,5879,9,0.3
3489,5881,5882,1,0.03333333333333333
3489,5888,5891,3,0.1
3489,5893,5895,2,0.06666666666666667
3504,5903,5905,2,0.06666666666666667
3504,5909,5913,4,0.13333333333333333
3504,5914,5915,1,0.03333333333333333
3504,5918,5920,2,0.06666666666666667
3504,5924,5931,7,0.23333333333333334
3500,5903,5911,8,0.26666666666666666
3500,5913,5915,2,0.06666666666666667
3500,5926,5927,1,0.03333333333333333
3501,5899,5927,28,0.9333333333333333
3517,5929,5932,3,0.1
3517,5942,5951,9,0.3
3517,5952,5956,4,0.13333333333333333
3517,5958,5963,5,0.16666666666666666
3513,5947,5951,4,0.13333333333333333
3513,5959,5962,3,0.1
3513,5963,5965,2,0.06666666666666667
3513,5975,5977,2,0.06666666666666667
3513,5978,5982,4,0.13333333333333333
3513,5983,5988,5,0.16666666666666666
3513,5989,5992,3,0.1
3513,5995,6001,6,0.2
3539,5947,5954,7,0.23333333333333334
3539,5956,5958,2,0.06666666666666667
3539,5959,5962,3,0.1
3539,5964,5971,7,0.23333333333333334
3560,5977,5987,10,0.3333333333333333
3560,5988,5989,1,0.03333333333333333
3560,5991,6002,11,0.36666666666666664
3565,6007,6008,1,0.03333333333333333
3565,6048,6056,8,0.26666666666666666
3565,6058,6066,8,0.26666666666666666
3565,6067,6071,4,0.13333333333333333
3565,6073,6076,3,0.1
3565,6078,6080,2,0.06666666666666667
3565,6084,6085,1,0.03333333333333333
3565,6086,6088,2,0.06666666666666667
3565,6091,6092,1,0.03333333333333333
3565,6095,6096,1,0.03333333333333333
3565,6099,6104,5,0.16666666666666666
3565,6107,6115,8,0.26666666666666666
3565,6116,6119,3,0.1
3565,6123,6139,16,0.5333333333333333
3565,6149,6154,5,0.16666666666666666
3565,6159,6168,9,0.3
3565,6169,6189,20,0.6666666666666666
3565,6190,6192,2,0.06666666666666667
3559,6009,6010,1,0.03333333333333333
3559,6011,6029,18,0.6
3559,6030,6040,10,0.3333333333333333
3559,6046,6048,2,0.06666666666666667
3575,6044,6046,2,0.06666666666666667
3575,6059,6061,2,0.06666666666666667
3575,6067,6068,1,0.03333333333333333
3575,6079,6083,4,0.13333333333333333
3575,6088,6096,8,0.26666666666666666
3575,6098,6099,1,0.03333333333333333
3575,6101,6102,1,0.03333333333333333
3575,6109,6111,2,0.06666666666666667
3575,6153,6154,1,0.03333333333333333
3575,6157,6158,1,0.03333333333333333
3598,6049,6051,2,0.06666666666666667
3598,6111,6114,3,0.1
3598,6116,6119,3,0.1
3598,6123,6126,3,0.1
3598,6128,6130,2,0.06666666666666667
3645,6143,6146,3,0.1
3645,6153,6159,6,0.2
3645,6165,6175,10,0.3333333333333333
3664,6189,6190,1,0.03333333333333333
3664,6192,6194,2,0.06666666666666667
3664,6195,6198,3,0.1
3664,6201,6206,5,0.16666666666666666
3664,6211,6217,6,0.2
3673,6214,6219,5,0.16666666666666666
3673,6221,6222,1,0.03333333333333333
3673,6225,6227,2,0.06666666666666667
3673,6228,6241,13,0.43333333333333335
3665,6222,6226,4,0.13333333333333333
3665,6230,6233,3,0.1
3665,6234,6235,1,0.03333333333333333
3665,6236,6238,2,0.06666666666666667
3665,6299,6300,1,0.03333333333333333
3682,6235,6236,1,0.03333333333333333
3682,6246,6248,2,0.06666666666666667
3682,6255,6259,4,0.13333333333333333
3682,6281,6282,1,0.03333333333333333
3682,6301,6302,1,0.03333333333333333
3682,6307,6308,1,0.03333333333333333
3682,6310,6311,1,0.03333333333333333
3682,6312,6313,1,0.03333333333333333
3682,6323,6326,3,0.1
3750,6284,6292,8,0.26666666666666666
3756,6294,6295,1,0.03333333333333333
3756,6298,6299,1,0.03333333333333333
3756,6300,6303,3,0.1
3756,6313,6315,2,0.06666666666666667
3756,6318,6319,1,0.03333333333333333
3756,6320,6322,2,0.06666666666666667
3756,6324,6326,2,0.06666666666666667
3756,6344,6347,3,0.1
3756,6348,6351,3,0.1
3756,6360,6362,2,0.06666666666666667
3739,6306,6307,1,0.03333333333333333
3739,6323,6324,1,0.03333333333333333
3739,6334,6336,2,0.06666666666666667
3739,6349,6351,2,0.06666666666666667
3739,6358,6359,1,0.03333333333333333
3785,6338,6343,5,0.16666666666666666
3785,6362,6363,1,0.03333333333333333
3785,6370,6371,1,0.03333333333333333
3785,6409,6410,1,0.03333333333333333
3785,6416,6419,3,0.1
3785,6420,6421,1,0.03333333333333333
3785,6422,6423,1,0.03333333333333333
3785,6428,6430,2,0.06666666666666667
3785,6438,6439,1,0.03333333333333333
3820,6370,6371,1,0.03333333333333333
3820,6384,6385,1,0.03333333333333333
3820,6444,6446,2,0.06666666666666667
3833,6384,6385,1,0.03333333333333333
3833,6389,6393,4,0.13333333333333333
3833,6394,6413,19,0.6333333333333333
3833,6414,6425,11,0.36666666666666664
3833,6428,6433,5,0.16666666666666666
3833,6438,6440,2,0.06666666666666667
3833,6444,6452,8,0.26666666666666666
3868,6419,6420,1,0.03333333333333333
3890,6434,6438,4,0.13333333333333333
3890,6451,6469,18,0.6
3890,6471,6481,10,0.3333333333333333
3855,6434,6442,8,0.26666666666666666
3855,6488,6491,3,0.1
3855,6545,6546,1,0.03333333333333333
3855,6556,6557,1,0.03333333333333333
3855,6561,6562,1,0.03333333333333333
3855,6570,6573,3,0.1
3928,6451,6454,3,0.1
3928,6494,6496,2,0.06666666666666667
3928,6500,6501,1,0.03333333333333333
3928,6508,6509,1,0.03333333333333333
3928,6519,6520,1,0.03333333333333333
3928,6534,6535,1,0.03333333333333333
3928,6552,6556,4,0.13333333333333333
3928,6558,6560,2,0.06666666666666667
3928,6596,6608,12,0.4
3928,6609,6617,8,0.26666666666666666
3939,6474,6475,1,0.03333333333333333
3939,6476,6483,7,0.23333333333333334
3939,6484,6485,1,0.03333333333333333
3939,6486,6491,5,0.16666666666666666
3939,6518,6521,3,0.1
3939,6532,6534,2,0.06666666666666667
3939,6537,6541,4,0.13333333333333333
3939,6546,6548,2,0.06666666666666667
3939,6552,6557,5,0.16666666666666666
3939,6560,6561,1,0.03333333333333333
3939,6577,6578,1,0.03333333333333333
3939,6590,6592,2,0.06666666666666667
3939,6609,6610,1,0.03333333333333333
3953,6496,6497,1,0.03333333333333333
3959,6511,6513,2,0.06666666666666667
3959,6517,6521,4,0.13333333333333333
3959,6525,6546,21,0.7
3959,6548,6551,3,0.1
3959,6552,6553,1,0.03333333333333333
3959,6554,6562,8,0.26666666666666666
3987,6539,6540,1,0.03333333333333333
3987,6544,6545,1,0.03333333333333333
3987,6554,6555,1,0.03333333333333333
3987,6578,6580,2,0.06666666666666667
3987,6612,6616,4,0.13333333333333333
3987,6642,6646,4,0.13333333333333333
3987,6647,6650,3,0.1
3967,6542,6544,2,0.06666666666666667
3967,6545,6549,4,0.13333333333333333
4013,6574,6576,2,0.06666666666666667
4013,6622,6623,1,0.03333333333333333
4013,6627,6629,2,0.06666666666666667
4108,6612,6613,1,0.03333333333333333
4108,6692,6693,1,0.03333333333333333
4108,6702,6703,1,0.03333333333333333
4108,6705,6707,2,0.06666666666666667
4108,6710,6711,1,0.03333333333333333
4108,6746,6747,1,0.03333333333333333
4108,6755,6757,2,0.06666666666666667
4108,6758,6766,8,0.26666666666666666
4108,6771,6776,5,0.16666666666666666
4108,6778,6783,5,0.16666666666666666
4075,6614,6616,2,0.06666666666666667
4075,6632,6653,21,0.7
4044,6613,6623,10,0.3333333333333333
4044,6626,6627,1,0.03333333333333333
4044,6630,6637,7,0.23333333333333334
4044,6639,6641,2,0.06666666666666667
4044,6643,6645,2,0.06666666666666667
4044,6651,6653,2,0.06666666666666667
4044,6665,6673,8,0.26666666666666666
4044,6679,6680,1,0.03333333333333333
4044,6682,6685,3,0.1
4044,6686,6693,7,0.23333333333333334
4044,6701,6703,2,0.06666666666666667
4044,6713,6714,1,0.03333333333333333
4117,6625,6626,1,0.03333333333333333
4117,6632,6634,2,0.06666666666666667
4117,6642,6644,2,0.06666666666666667
4117,6645,6650,5,0.16666666666666666
4117,6651,6653,2,0.06666666666666667
4136,6625,6627,2,0.06666666666666667
4136,6646,6649,3,0.1
3951,6639,6641,2,0.06666666666666667
3951,6646,6650,4,0.13333333333333333
3951,6651,6657,6,0.2
4164,6657,6658,1,0.03333333333333333
4177,6699,6702,3,0.1
4177,6703,6705,2,0.06666666666666667
4177,6706,6707,1,0.03333333333333333
4177,6709,6710,1,0.03333333333333333
4177,6711,6768,57,1.9
4177,6769,6836,67,2.2333333333333334
4177,6839,6841,2,0.06666666666666667
4177,6843,6894,51,1.7
4209,6794,6798,4,0.13333333333333333
4209,6830,6831,1,0.03333333333333333
4209,6832,6834,2,0.06666666666666667
4209,6836,6838,2,0.06666666666666667
4209,6841,6842,1,0.03333333333333333
4222,6827,6835,8,0.26666666666666666
4222,6836,6838,2,0.06666666666666667
4222,6844,6846,2,0.06666666666666667
4222,6853,6854,1,0.03333333333333333
4222,6866,6867,1,0.03333333333333333
4222,6872,6873,1,0.03333333333333333
4222,6876,6877,1,0.03333333333333333
4222,6879,6880,1,0.03333333333333333
4222,6892,6895,3,0.1
4222,6898,6899,1,0.03333333333333333
4222,6900,6901,1,0.03333333333333333
4222,6913,6914,1,0.03333333333333333
4231,6858,6868,10,0.3333333333333333
4231,6870,6879,9,0.3
4206,6939,6942,3,0.1
4206,6947,6948,1,0.03333333333333333
4206,6950,6960,10,0.3333333333333333
4206,6963,6968,5,0.16666666666666666
4302,6980,6983,3,0.1
4302,6985,6994,9,0.3
4302,7001,7002,1,0.03333333333333333
4302,7074,7076,2,0.06666666666666667
4325,7043,7045,2,0.06666666666666667
4325,7241,7242,1,0.03333333333333333
4325,7245,7246,1,0.03333333333333333
4329,7071,7076,5,0.16666666666666666
4329,7081,7086,5,0.16666666666666666
4329,7097,7098,1,0.03333333333333333
4232,7083,7091,8,0.26666666666666666
4232,7099,7105,6,0.2
4232,7106,7107,1,0.03333333333333333
4260,7097,7099,2,0.06666666666666667
4260,7234,7258,24,0.8
4260,7260,7262,2,0.06666666666666667
4260,7263,7267,4,0.13333333333333333
4260,7325,7326,1,0.03333333333333333
4260,7327,7331,4,0.13333333333333333
4260,7332,7337,5,0.16666666666666666
4260,7338,7342,4,0.13333333333333333
4260,7344,7367,23,0.7666666666666667
4260,7576,7577,1,0.03333333333333333
4260,7593,7595,2,0.06666666666666667
4260,7893,7897,4,0.13333333333333333
4260,8074,8076,2,0.06666666666666667
4260,8660,8662,2,0.06666666666666667
4260,9155,9156,1,0.03333333333333333
4260,9300,9301,1,0.03333333333333333
4260,9302,9312,10,0.3333333333333333
4260,9315,9318,3,0.1
4260,9729,9733,4,0.13333333333333333
4260,9735,9752,17,0.5666666666666667
4260,9801,9807,6,0.2
4260,9901,9902,1,0.03333333333333333
4348,7118,7119,1,0.03333333333333333
4348,7133,7134,1,0.03333333333333333
4333,7111,7135,24,0.8
4333,7136,7150,14,0.4666666666666667
4276,7030,7137,107,3.566666666666667
4276,7143,7144,1,0.03333333333333333
4276,7145,7149,4,0.13333333333333333
4276,7150,7174,24,0.8
4276,7186,7191,5,0.16666666666666666
4276,7233,7234,1,0.03333333333333333
4276,7235,7306,71,2.3666666666666667
4276,7308,7405,97,3.2333333333333334
4276,7414,7415,1,0.03333333333333333
4276,7417,7426,9,0.3
4276,7440,7560,120,4.0
4276,7561,7564,3,0.1
4276,7570,7697,127,4.233333333333333
4276,7698,7729,31,1.0333333333333334
4276,7732,7754,22,0.7333333333333333
4276,7759,7767,8,0.26666666666666666
4276,7818,7821,3,0.1
4276,7849,7994,145,4.833333333333333
4276,7995,8147,152,5.066666666666666
4276,8149,8643,494,16.466666666666665
4276,8644,8696,52,1.7333333333333334
4276,8697,8757,60,2.0
4276,8758,8759,1,0.03333333333333333
4276,8761,8764,3,0.1
4276,8769,8770,1,0.03333333333333333
4276,8773,8802,29,0.9666666666666667
4276,8803,8815,12,0.4
4276,8816,8842,26,0.8666666666666667
4276,8845,8862,17,0.5666666666666667
4276,8895,8901,6,0.2
4276,8903,8946,43,1.4333333333333333
4276,8951,8967,16,0.5333333333333333
4276,8968,8978,10,0.3333333333333333
4276,8979,8991,12,0.4
4276,8993,8997,4,0.13333333333333333
4276,9001,9044,43,1.4333333333333333
4276,9053,9058,5,0.16666666666666666
4276,9059,9066,7,0.23333333333333334
4276,9076,9078,2,0.06666666666666667
4276,9079,9080,1,0.03333333333333333
4361,7163,7165,2,0.06666666666666667
4388,7182,7183,1,0.03333333333333333
4389,7187,7189,2,0.06666666666666667
4389,7190,7191,1,0.03333333333333333
4397,7258,7260,2,0.06666666666666667
4397,7277,7278,1,0.03333333333333333
4397,7297,7298,1,0.03333333333333333
4393,7386,7388,2,0.06666666666666667
4393,7390,7396,6,0.2
4410,7437,7440,3,0.1
4519,7595,7609,14,0.4666666666666667
4519,7611,7614,3,0.1
4519,7615,7620,5,0.16666666666666666
4519,7623,7629,6,0.2
4519,7633,7636,3,0.1
4519,7637,7639,2,0.06666666666666667
4519,7640,7643,3,0.1
4519,7644,7645,1,0.03333333333333333
4519,7647,7649,2,0.06666666666666667
4519,7654,7663,9,0.3
4519,7664,7665,1,0.03333333333333333
4519,7674,7681,7,0.23333333333333334
4519,7687,7697,10,0.3333333333333333
4520,7650,7653,3,0.1
4520,7654,7659,5,0.16666666666666666
4520,7662,7663,1,0.03333333333333333
4520,7664,7665,1,0.03333333333333333
4520,7670,7677,7,0.23333333333333334
4520,7680,7686,6,0.2
4584,7661,7666,5,0.16666666666666666
4584,7667,7681,14,0.4666666666666667
4584,7682,7688,6,0.2
4584,7689,7694,5,0.16666666666666666
4593,7670,7673,3,0.1
4593,7674,7686,12,0.4
4593,7692,7694,2,0.06666666666666667
4593,7695,7696,1,0.03333333333333333
4587,7686,7690,4,0.13333333333333333
4587,7692,7696,4,0.13333333333333333
4591,7698,7700,2,0.06666666666666667
4591,7705,7709,4,0.13333333333333333
4591,7712,7714,2,0.06666666666666667
4626,7709,7710,1,0.03333333333333333
4626,7712,7713,1,0.03333333333333333
4626,7736,7737,1,0.03333333333333333
4626,7741,7743,2,0.06666666666666667
4626,7745,7751,6,0.2
4628,7712,7718,6,0.2
4638,7725,7726,1,0.03333333333333333
4638,7727,7728,1,0.03333333333333333
4638,7731,7734,3,0.1
4638,7737,7738,1,0.03333333333333333
4638,7739,7743,4,0.13333333333333333
4638,7750,7751,1,0.03333333333333333
4638,7753,7758,5,0.16666666666666666
4638,7762,7777,15,0.5
4638,7778,7783,5,0.16666666666666666
4638,7798,7799,1,0.03333333333333333
4638,7802,7808,6,0.2
4589,7728,7729,1,0.03333333333333333
4589,7737,7738,1,0.03333333333333333
4647,7728,7731,3,0.1
4647,7732,7739,7,0.23333333333333334
4647,7740,7742,2,0.06666666666666667
4644,7733,7738,5,0.16666666666666666
4644,7758,7761,3,0.1
4644,7764,7766,2,0.06666666666666667
4644,7786,7789,3,0.1
4696,7767,7769,2,0.06666666666666667
4696,7770,7781,11,0.36666666666666664
4714,7805,7807,2,0.06666666666666667
4759,7847,7849,2,0.06666666666666667
4759,7854,7855,1,0.03333333333333333
4759,7868,7870,2,0.06666666666666667
4759,7883,7885,2,0.06666666666666667
4759,7899,7903,4,0.13333333333333333
4759,7904,7911,7,0.23333333333333334
4752,7858,7859,1,0.03333333333333333
4752,7865,7867,2,0.06666666666666667
4752,7873,7875,2,0.06666666666666667
4752,7877,7881,4,0.13333333333333333
4752,7894,7895,1,0.03333333333333333
4752,7898,7899,1,0.03333333333333333
4752,7926,7927,1,0.03333333333333333
4731,7853,7878,25,0.8333333333333334
4731,7879,8164,285,9.5
4749,7862,7885,23,0.7666666666666667
4780,7883,7886,3,0.1
4780,7898,7902,4,0.13333333333333333
4780,7912,7913,1,0.03333333333333333
4796,7904,7910,6,0.2
4794,7907,7919,12,0.4
4848,8072,8081,9,0.3
4848,8082,8084,2,0.06666666666666667
4865,8097,8102,5,0.16666666666666666
4865,8104,8105,1,0.03333333333333333
4865,8106,8112,6,0.2
4865,8147,8148,1,0.03333333333333333
4865,8151,8152,1,0.03333333333333333
4865,8164,8166,2,0.06666666666666667
4865,8169,8171,2,0.06666666666666667
4865,8184,8185,1,0.03333333333333333
4870,8130,8132,2,0.06666666666666667
4870,8181,8183,2,0.06666666666666667
4870,8229,8232,3,0.1
4898,8152,8183,31,1.0333333333333334
4898,8187,8200,13,0.43333333333333335
4898,8201,8212,11,0.36666666666666664
4898,8213,8217,4,0.13333333333333333
4898,8220,8223,3,0.1
4898,8225,8233,8,0.26666666666666666
4905,8193,8196,3,0.1
4905,8199,8201,2,0.06666666666666667
4905,8213,8233,20,0.6666666666666666
4905,8235,8236,1,0.03333333333333333
4905,8237,8270,33,1.1
4905,8271,8272,1,0.03333333333333333
4905,8285,8291,6,0.2
4905,8300,8301,1,0.03333333333333333
4905,8349,8352,3,0.1
4905,8390,8397,7,0.23333333333333334
4905,8398,8399,1,0.03333333333333333
4905,8460,8461,1,0.03333333333333333
4922,8199,8201,2,0.06666666666666667
4932,8199,8205,6,0.2
4932,8209,8213,4,0.13333333333333333
4932,8217,8237,20,0.6666666666666666
4923,8215,8216,1,0.03333333333333333
4923,8225,8229,4,0.13333333333333333
4952,8224,8228,4,0.13333333333333333
4952,8241,8243,2,0.06666666666666667
4952,8245,8248,3,0.1
4952,8253,8255,2,0.06666666666666667
4952,8263,8264,1,0.03333333333333333
4952,8265,8267,2,0.06666666666666667
4952,8273,8275,2,0.06666666666666667
4952,8283,8284,1,0.03333333333333333
4952,8285,8288,3,0.1
4987,8299,8301,2,0.06666666666666667
4987,8304,8308,4,0.13333333333333333
4987,8309,8312,3,0.1
4987,8323,8325,2,0.06666666666666667
4987,8341,8342,1,0.03333333333333333
4987,8344,8349,5,0.16666666666666666
4987,8364,8366,2,0.06666666666666667
4987,8369,8371,2,0.06666666666666667
4987,8373,8375,2,0.06666666666666667
4987,8378,8379,1,0.03333333333333333
4987,8382,8383,1,0.03333333333333333
4987,8387,8388,1,0.03333333333333333
4987,8391,8393,2,0.06666666666666667
4959,8340,8341,1,0.03333333333333333
4959,8344,8347,3,0.1
4959,8349,8366,17,0.5666666666666667
4959,8367,8368,1,0.03333333333333333
5103,8485,8486,1,0.03333333333333333
5103,8487,8503,16,0.5333333333333333
5103,8507,8514,7,0.23333333333333334
5103,8591,8592,1,0.03333333333333333
5101,8510,8511,1,0.03333333333333333
5108,8515,8518,3,0.1
5108,8519,8541,22,0.7333333333333333
5108,8542,8543,1,0.03333333333333333
5108,8544,8557,13,0.43333333333333335
5108,8560,8562,2,0.06666666666666667
5108,8563,8567,4,0.13333333333333333
5108,8569,8571,2,0.06666666666666667
5108,8572,8574,2,0.06666666666666667
5108,8575,8579,4,0.13333333333333333
5108,8580,8607,27,0.9
5108,8612,8616,4,0.13333333333333333
5108,8619,8620,1,0.03333333333333333
5108,8623,8625,2,0.06666666666666667
5108,8643,8644,1,0.03333333333333333
5108,8646,8647,1,0.03333333333333333
5108,8658,8659,1,0.03333333333333333
5144,8574,8576,2,0.06666666666666667
5144,8579,8582,3,0.1
5144,8592,8595,3,0.1
5144,8596,8598,2,0.06666666666666667
5144,8599,8612,13,0.43333333333333335
5144,8616,8619,3,0.1
5144,8620,8623,3,0.1
5147,8627,8631,4,0.13333333333333333
5147,8635,8646,11,0.36666666666666664
5147,8652,8657,5,0.16666666666666666
5147,8671,8675,4,0.13333333333333333
5147,8677,8683,6,0.2
5147,8698,8701,3,0.1
5147,8704,8705,1,0.03333333333333333
5147,8717,8719,2,0.06666666666666667
5147,8720,8722,2,0.06666666666666667
5147,8740,8743,3,0.1
5147,8745,8746,1,0.03333333333333333
5147,8898,8899,1,0.03333333333333333
5165,8650,8651,1,0.03333333333333333
5165,8657,8658,1,0.03333333333333333
5165,8662,8672,10,0.3333333333333333
5165,8674,8678,4,0.13333333333333333
5165,8680,8681,1,0.03333333333333333
5165,8682,8690,8,0.26666666666666666
5181,8684,8686,2,0.06666666666666667
5181,8688,8692,4,0.13333333333333333
5209,8700,8701,1,0.03333333333333333
5209,8713,8714,1,0.03333333333333333
5209,8719,8720,1,0.03333333333333333
5209,8725,8726,1,0.03333333333333333
5209,8732,8733,1,0.03333333333333333
5209,8737,8740,3,0.1
5209,8743,8745,2,0.06666666666666667
5214,8800,8803,3,0.1
5214,8804,8810,6,0.2
5214,8811,8814,3,0.1
5214,8815,8825,10,0.3333333333333333
5214,8829,8831,2,0.06666666666666667
5214,8833,8834,1,0.03333333333333333
5214,8835,8843,8,0.26666666666666666
5214,8854,8855,1,0.03333333333333333
5214,8859,8863,4,0.13333333333333333
5214,8867,8869,2,0.06666666666666667
5214,8871,8872,1,0.03333333333333333
5214,8918,8919,1,0.03333333333333333
5214,8921,8926,5,0.16666666666666666
5214,8929,8933,4,0.13333333333333333
5214,8934,8935,1,0.03333333333333333
5214,8936,8938,2,0.06666666666666667
5214,8941,8944,3,0.1
5214,8949,8951,2,0.06666666666666667
5214,8953,8955,2,0.06666666666666667
5264,8829,8830,1,0.03333333333333333
5293,8867,8871,4,0.13333333333333333
5292,8876,8877,1,0.03333333333333333
5292,8878,8879,1,0.03333333333333333
5292,8883,8887,4,0.13333333333333333
5304,8907,8909,2,0.06666666666666667
5340,8947,8949,2,0.06666666666666667
5349,8954,8957,3,0.1
5349,8958,8959,1,0.03333333333333333
5349,8966,8969,3,0.1
5349,8982,8987,5,0.16666666666666666
5349,8989,8994,5,0.16666666666666666
5359,8989,8995,6,0.2
5345,9015,9023,8,0.26666666666666666
5345,9025,9038,13,0.43333333333333335
5345,9039,9046,7,0.23333333333333334
5345,9047,9050,3,0.1
5345,9052,9053,1,0.03333333333333333
5345,9099,9112,13,0.43333333333333335
5345,9116,9117,1,0.03333333333333333
5379,9054,9075,21,0.7
5379,9078,9081,3,0.1
5379,9085,9086,1,0.03333333333333333
5379,9089,9099,10,0.3333333333333333
5379,9101,9103,2,0.06666666666666667
5379,9115,9117,2,0.06666666666666667
5379,9121,9122,1,0.03333333333333333
5379,9138,9141,3,0.1
5395,9142,9153,11,0.36666666666666664
5401,9143,9166,23,0.7666666666666667
5401,9167,9169,2,0.06666666666666667
5401,9174,9175,1,0.03333333333333333
5401,9177,9187,10,0.3333333333333333
5401,9193,9194,1,0.03333333333333333
5401,9195,9205,10,0.3333333333333333
5413,9177,9182,5,0.16666666666666666
5413,9185,9190,5,0.16666666666666666
5413,9198,9213,15,0.5
5413,9214,9219,5,0.16666666666666666
5413,9225,9234,9,0.3
5413,9237,9238,1,0.03333333333333333
5413,9241,9242,1,0.03333333333333333
5413,9261,9267,6,0.2
5413,9285,9286,1,0.03333333333333333
5413,9311,9312,1,0.03333333333333333
5413,9328,9329,1,0.03333333333333333
5413,9379,9383,4,0.13333333333333333
5413,9386,9387,1,0.03333333333333333
5423,9179,9193,14,0.4666666666666667
5423,9194,9195,1,0.03333333333333333
5492,9270,9273,3,0.1
5492,9275,9281,6,0.2
5492,9282,9291,9,0.3
5492,9294,9309,15,0.5
5492,9313,9314,1,0.03333333333333333
5492,9315,9320,5,0.16666666666666666
5492,9323,9325,2,0.06666666666666667
5492,9331,9335,4,0.13333333333333333
5492,9338,9342,4,0.13333333333333333
5495,9274,9275,1,0.03333333333333333
5495,9279,9282,3,0.1
5495,9291,9293,2,0.06666666666666667
5495,9298,9299,1,0.03333333333333333
5495,9300,9301,1,0.03333333333333333
5495,9331,9332,1,0.03333333333333333
5495,9337,9338,1,0.03333333333333333
5495,9339,9342,3,0.1
5528,9305,9306,1,0.03333333333333333
5528,9307,9319,12,0.4
5528,9320,9323,3,0.1
5515,9306,9310,4,0.13333333333333333
5547,9317,9326,9,0.3
5547,9337,9338,1,0.03333333333333333
5539,9306,9332,26,0.8666666666666667
5539,9344,9349,5,0.16666666666666666
5539,9356,9358,2,0.06666666666666667
5539,9375,9379,4,0.13333333333333333
5539,9380,9381,1,0.03333333333333333
5539,9382,9383,1,0.03333333333333333
5559,9338,9339,1,0.03333333333333333
5559,9340,9342,2,0.06666666666666667
5587,9370,9384,14,0.4666666666666667
5588,9392,9393,1,0.03333333333333333
5588,9394,9396,2,0.06666666666666667
5588,9403,9404,1,0.03333333333333333
5588,9422,9423,1,0.03333333333333333
5588,9424,9428,4,0.13333333333333333
5504,9400,9408,8,0.26666666666666666
5504,9423,9428,5,0.16666666666666666
5504,9431,9462,31,1.0333333333333334
5504,9522,9523,1,0.03333333333333333
5504,9526,9527,1,0.03333333333333333
5504,9550,9551,1,0.03333333333333333
5504,9559,9560,1,0.03333333333333333
5504,9562,9563,1,0.03333333333333333
5504,9568,9574,6,0.2
5504,9579,9582,3,0.1
5504,9583,9584,1,0.03333333333333333
5504,9589,9592,3,0.1
5504,9611,9612,1,0.03333333333333333
5604,9442,9445,3,0.1
5604,9460,9467,7,0.23333333333333334
5604,9484,9488,4,0.13333333333333333
5639,9468,9470,2,0.06666666666666667
5639,9484,9490,6,0.2
5639,9492,9493,1,0.03333333333333333
5639,9504,9506,2,0.06666666666666667
5639,9522,9523,1,0.03333333333333333
5639,9524,9528,4,0.13333333333333333
5719,9539,9557,18,0.6
5719,9560,9589,29,0.9666666666666667
5719,9591,9592,1,0.03333333333333333
5719,9631,9632,1,0.03333333333333333
5719,9635,9637,2,0.06666666666666667
5719,9639,9641,2,0.06666666666666667
5731,9568,9575,7,0.23333333333333334
5731,9576,9582,6,0.2
5731,9610,9612,2,0.06666666666666667
5731,9613,9616,3,0.1
5731,9640,9641,1,0.03333333333333333
5731,9642,9647,5,0.16666666666666666
5722,9579,9580,1,0.03333333333333333
5722,9586,9587,1,0.03333333333333333
5722,9588,9592,4,0.13333333333333333
5722,9659,9660,1,0.03333333333333333
5722,9671,9673,2,0.06666666666666667
5722,9675,9676,1,0.03333333333333333
5722,9695,9697,2,0.06666666666666667
5722,9699,9700,1,0.03333333333333333
5727,9577,9580,3,0.1
5727,9582,9588,6,0.2
5749,9582,9591,9,0.3
5778,9610,9616,6,0.2
5778,9664,9667,3,0.1
5778,9729,9733,4,0.13333333333333333
5777,9619,9630,11,0.36666666666666664
5777,9631,9632,1,0.03333333333333333
5654,9632,9633,1,0.03333333333333333
5654,9634,9690,56,1.8666666666666667
5654,9695,9705,10,0.3333333333333333
5654,9706,9765,59,1.9666666666666666
5654,9766,9811,45,1.5
5654,9814,9818,4,0.13333333333333333
5654,9819,9855,36,1.2
5654,9862,9866,4,0.13333333333333333
5654,9867,9869,2,0.06666666666666667
5654,10040,10046,6,0.2
5654,10049,10056,7,0.23333333333333334
5833,9778,9781,3,0.1
5833,9782,9785,3,0.1
5833,9790,9792,2,0.06666666666666667
5833,9797,9798,1,0.03333333333333333
5808,9814,9817,3,0.1
5808,9818,9821,3,0.1
5808,9822,9826,4,0.13333333333333333
5808,9847,9848,1,0.03333333333333333
5808,9857,9858,1,0.03333333333333333
5808,9871,9872,1,0.03333333333333333
5808,9890,9902,12,0.4
5808,9903,9904,1,0.03333333333333333
5875,9833,9840,7,0.23333333333333334
5875,9841,9842,1,0.03333333333333333
5373,9862,9863,1,0.03333333333333333
5373,9871,9872,1,0.03333333333333333
5896,9862,9866,4,0.13333333333333333
5914,9879,9880,1,0.03333333333333333
5914,9901,9905,4,0.13333333333333333
5914,10259,10267,8,0.26666666666666666
5914,10270,10271,1,0.03333333333333333
5914,10272,10284,12,0.4
5925,9882,9883,1,0.03333333333333333
5925,9884,9886,2,0.06666666666666667
5925,10004,10005,1,0.03333333333333333
5925,10013,10018,5,0.16666666666666666
5925,10022,10025,3,0.1
5925,10026,10027,1,0.03333333333333333
5925,10054,10056,2,0.06666666666666667
5925,10057,10061,4,0.13333333333333333
5925,10110,10112,2,0.06666666666666667
5925,10120,10122,2,0.06666666666666667
5925,10140,10141,1,0.03333333333333333
5925,10159,10160,1,0.03333333333333333
5576,9853,9897,44,1.4666666666666666
5576,9902,9910,8,0.26666666666666666
5937,9899,9901,2,0.06666666666666667
5937,9909,9910,1,0.03333333333333333
5949,9913,9914,1,0.03333333333333333
5949,9918,9922,4,0.13333333333333333
5949,9929,9930,1,0.03333333333333333
5949,9985,9986,1,0.03333333333333333
5949,10031,10032,1,0.03333333333333333
5949,10033,10034,1,0.03333333333333333
5949,10036,10039,3,0.1
5949,10044,10047,3,0.1
5949,10050,10070,20,0.6666666666666666
5949,10074,10079,5,0.16666666666666666
5949,10087,10092,5,0.16666666666666666
5949,10093,10094,1,0.03333333333333333
5951,9913,9922,9,0.3
5976,9967,9968,1,0.03333333333333333
5976,9979,9981,2,0.06666666666666667
5976,9982,9989,7,0.23333333333333334
5976,9990,9992,2,0.06666666666666667
5976,9994,10000,6,0.2
5976,10004,10005,1,0.03333333333333333
5976,10006,10008,2,0.06666666666666667
5976,10012,10013,1,0.03333333333333333
5976,10020,10037,17,0.5666666666666667
5976,10039,10050,11,0.36666666666666664
6011,10008,10018,10,0.3333333333333333
6011,10033,10034,1,0.03333333333333333
6011,10037,10047,10,0.3333333333333333
5975,10030,10031,1,0.03333333333333333
5975,10155,10156,1,0.03333333333333333
5975,10162,10197,35,1.1666666666666667
5975,10199,10206,7,0.23333333333333334
5975,10243,10246,3,0.1
5975,10250,10251,1,0.03333333333333333
5975,10874,10875,1,0.03333333333333333
6073,10058,10061,3,0.1
6073,10062,10063,1,0.03333333333333333
6073,10065,10066,1,0.03333333333333333
6073,10069,10074,5,0.16666666666666666
6073,10075,10077,2,0.06666666666666667
6073,10078,10079,1,0.03333333333333333
6073,10089,10093,4,0.13333333333333333
6073,10097,10099,2,0.06666666666666667
6073,10100,10108,8,0.26666666666666666
6073,10110,10114,4,0.13333333333333333
6073,10116,10117,1,0.03333333333333333
6073,10118,10119,1,0.03333333333333333
5803,10063,10067,4,0.13333333333333333
5803,10069,10136,67,2.2333333333333334
5803,10141,10164,23,0.7666666666666667
5803,10165,10166,1,0.03333333333333333
6109,10074,10075,1,0.03333333333333333
6109,10078,10086,8,0.26666666666666666
6109,10087,10089,2,0.06666666666666667
6109,10095,10097,2,0.06666666666666667
6109,10099,10100,1,0.03333333333333333
6109,10112,10115,3,0.1
6109,10119,10120,1,0.03333333333333333
6109,10134,10140,6,0.2
6109,10142,10144,2,0.06666666666666667
6109,10154,10155,1,0.03333333333333333
6109,10158,10186,28,0.9333333333333333
6050,10075,10077,2,0.06666666666666667
6050,10081,10083,2,0.06666666666666667
6050,10086,10090,4,0.13333333333333333
6050,10177,10178,1,0.03333333333333333
6050,10182,10184,2,0.06666666666666667
6050,10186,10187,1,0.03333333333333333
6050,10226,10229,3,0.1
6050,10504,10505,1,0.03333333333333333
6113,10087,10094,7,0.23333333333333334
6113,10095,10100,5,0.16666666666666666
6113,10103,10105,2,0.06666666666666667
6113,10107,10110,3,0.1
6113,10116,10128,12,0.4
6113,10130,10141,11,0.36666666666666664
6113,10142,10143,1,0.03333333333333333
6113,10144,10148,4,0.13333333333333333
6113,10151,10155,4,0.13333333333333333
6113,10156,10158,2,0.06666666666666667
6113,10159,10167,8,0.26666666666666666
6113,10171,10172,1,0.03333333333333333
6113,10174,10178,4,0.13333333333333333
6113,10179,10183,4,0.13333333333333333
6113,10184,10186,2,0.06666666666666667
6113,10192,10196,4,0.13333333333333333
6113,10200,10214,14,0.4666666666666667
6113,10222,10223,1,0.03333333333333333
6113,10242,10243,1,0.03333333333333333
6113,10262,10263,1,0.03333333333333333
6113,10266,10270,4,0.13333333333333333
6126,10132,10134,2,0.06666666666666667
6126,10135,10136,1,0.03333333333333333
6126,10139,10140,1,0.03333333333333333
6126,10142,10153,11,0.36666666666666664
6168,10135,10139,4,0.13333333333333333
6168,10140,10154,14,0.4666666666666667
6168,10162,10163,1,0.03333333333333333
6168,10165,10166,1,0.03333333333333333
6168,10167,10192,25,0.8333333333333334
6182,10147,10148,1,0.03333333333333333
6182,10150,10153,3,0.1
6182,10167,10171,4,0.13333333333333333
6182,10174,10175,1,0.03333333333333333
6182,10177,10187,10,0.3333333333333333
6182,10189,10224,35,1.1666666666666667
6182,10225,10226,1,0.03333333333333333
6182,10230,10237,7,0.23333333333333334
6182,10239,10249,10,0.3333333333333333
6007,10166,10171,5,0.16666666666666666
6210,10179,10180,1,0.03333333333333333
6210,10182,10208,26,0.8666666666666667
6210,10212,10225,13,0.43333333333333335
6227,10183,10188,5,0.16666666666666666
6227,10191,10195,4,0.13333333333333333
6165,10243,10244,1,0.03333333333333333
6165,10260,10263,3,0.1
6165,10270,10271,1,0.03333333333333333
6165,10275,10278,3,0.1
6165,10279,10286,7,0.23333333333333334
6165,10296,10303,7,0.23333333333333334
6165,10306,10314,8,0.26666666666666666
6165,10315,10316,1,0.03333333333333333
6291,10237,10247,10,0.3333333333333333
6291,10255,10258,3,0.1
6291,10260,10261,1,0.03333333333333333
6291,10268,10299,31,1.0333333333333334
6291,10300,10302,2,0.06666666666666667
6300,10244,10260,16,0.5333333333333333
6293,10256,10268,12,0.4
6293,10270,10272,2,0.06666666666666667
6293,10291,10295,4,0.13333333333333333
6349,10319,10329,10,0.3333333333333333
6349,10363,10364,1,0.03333333333333333
6349,10556,10557,1,0.03333333333333333
6345,10337,10338,1,0.03333333333333333
6345,10345,10347,2,0.06666666666666667
6363,10329,10345,16,0.5333333333333333
6363,10347,10349,2,0.06666666666666667
6363,10366,10368,2,0.06666666666666667
6363,10373,10390,17,0.5666666666666667
6363,10391,10392,1,0.03333333333333333
6363,10393,10396,3,0.1
6363,10398,10399,1,0.03333333333333333
6363,10400,10402,2,0.06666666666666667
6363,10406,10408,2,0.06666666666666667
6352,10337,10348,11,0.36666666666666664
6352,10358,10361,3,0.1
6352,10369,10390,21,0.7
6352,10392,10393,1,0.03333333333333333
6352,10401,10408,7,0.23333333333333334
6352,10470,10472,2,0.06666666666666667
6352,10474,10495,21,0.7
6352,10497,10498,1,0.03333333333333333
6352,10500,10516,16,0.5333333333333333
6352,10517,10518,1,0.03333333333333333
6352,10528,10529,1,0.03333333333333333
6352,10533,10540,7,0.23333333333333334
6352,10541,10557,16,0.5333333333333333
6352,10562,10564,2,0.06666666666666667
6352,10566,10568,2,0.06666666666666667
6352,10588,10609,21,0.7
6389,10351,10358,7,0.23333333333333334
6389,10360,10364,4,0.13333333333333333
6389,10368,10369,1,0.03333333333333333
6389,10372,10377,5,0.16666666666666666
6389,10380,10381,1,0.03333333333333333
6389,10384,10386,2,0.06666666666666667
6389,10389,10393,4,0.13333333333333333
6389,10394,10396,2,0.06666666666666667
6389,10401,10405,4,0.13333333333333333
6450,10396,10398,2,0.06666666666666667
6453,10401,10412,11,0.36666666666666664
6453,10413,10414,1,0.03333333333333333
6453,10422,10425,3,0.1
6021,10372,10418,46,1.5333333333333334
6021,10420,10423,3,0.1
6021,10425,10437,12,0.4
6021,10438,10468,30,1.0
6021,10471,10473,2,0.06666666666666667
6021,10478,10480,2,0.06666666666666667
6021,10483,10490,7,0.23333333333333334
6021,10497,10529,32,1.0666666666666667
6021,10530,10541,11,0.36666666666666664
6021,10555,10560,5,0.16666666666666666
6021,10561,10661,100,3.3333333333333335
6021,10663,10893,230,7.666666666666667
6021,10914,10918,4,0.13333333333333333
6021,10921,10934,13,0.43333333333333335
6021,10935,10961,26,0.8666666666666667
6021,10971,10974,3,0.1
6021,10978,10982,4,0.13333333333333333
6021,10983,10984,1,0.03333333333333333
6021,10985,10994,9,0.3
6021,11020,11031,11,0.36666666666666664
6021,11035,11038,3,0.1
6021,11042,11090,48,1.6
6021,11092,11242,150,5.0
6021,11245,11339,94,3.1333333333333333
6021,11341,11434,93,3.1
6021,11458,11459,1,0.03333333333333333
6021,11466,11533,67,2.2333333333333334
6021,11534,11536,2,0.06666666666666667
6021,11541,11589,48,1.6
6021,11593,11601,8,0.26666666666666666
6021,11602,11604,2,0.06666666666666667
6021,11605,11612,7,0.23333333333333334
6021,11613,11625,12,0.4
6489,10432,10433,1,0.03333333333333333
6489,10437,10438,1,0.03333333333333333
6489,10446,10447,1,0.03333333333333333
6490,10461,10464,3,0.1
6490,10465,10468,3,0.1
6466,10493,10498,5,0.16666666666666666
6466,10501,10504,3,0.1
6466,10521,10524,3,0.1
6541,10516,10518,2,0.06666666666666667
6558,10524,10526,2,0.06666666666666667
6604,10592,10594,2,0.06666666666666667
6599,10589,10596,7,0.23333333333333334
6252,10594,10596,2,0.06666666666666667
6252,10612,10618,6,0.2
6252,10619,10621,2,0.06666666666666667
6252,10632,10634,2,0.06666666666666667
6252,10640,10641,1,0.03333333333333333
6252,10645,10646,1,0.03333333333333333
6252,10656,10657,1,0.03333333333333333
6252,10667,10669,2,0.06666666666666667
6252,10685,10688,3,0.1
6252,10692,10693,1,0.03333333333333333
6252,10694,10696,2,0.06666666666666667
6252,10710,10711,1,0.03333333333333333
6252,10739,10748,9,0.3
6252,10750,10751,1,0.03333333333333333
6252,10758,10760,2,0.06666666666666667
6252,10764,10793,29,0.9666666666666667
6605,10599,10600,1,0.03333333333333333
6607,10607,10612,5,0.16666666666666666
6607,10636,10637,1,0.03333333333333333
6607,10638,10642,4,0.13333333333333333
6607,10661,10665,4,0.13333333333333333
6607,10666,10667,1,0.03333333333333333
6607,10670,10672,2,0.06666666666666667
6623,10617,10619,2,0.06666666666666667
6586,10644,10646,2,0.06666666666666667
6645,10660,10661,1,0.03333333333333333
6645,10665,10666,1,0.03333333333333333
6645,10673,10674,1,0.03333333333333333
6645,10729,10730,1,0.03333333333333333
6645,10779,10787,8,0.26666666666666666
6645,10947,10950,3,0.1
6680,10733,10738,5,0.16666666666666666
6680,10739,10751,12,0.4
6680,10752,10755,3,0.1
6680,10763,10764,1,0.03333333333333333
6680,10788,10797,9,0.3
6680,10826,10827,1,0.03333333333333333
6680,10852,10859,7,0.23333333333333334
6680,10864,10865,1,0.03333333333333333
6692,10748,10750,2,0.06666666666666667
6692,10811,10812,1,0.03333333333333333
6692,10838,10839,1,0.03333333333333333
6730,10775,10783,8,0.26666666666666666
6730,10784,10787,3,0.1
6730,10790,10791,1,0.03333333333333333
6730,10807,10810,3,0.1
6730,10826,10828,2,0.06666666666666667
6730,10831,10835,4,0.13333333333333333
6730,10843,10846,3,0.1
6730,10882,10885,3,0.1
6734,10787,10795,8,0.26666666666666666
6613,10826,10827,1,0.03333333333333333
6613,10828,10831,3,0.1
6779,10827,10828,1,0.03333333333333333
6779,10837,10838,1,0.03333333333333333
6779,11011,11012,1,0.03333333333333333
6779,11022,11047,25,0.8333333333333334
6781,10836,10837,1,0.03333333333333333
6762,10836,10838,2,0.06666666666666667
6762,10846,10847,1,0.03333333333333333
6762,10852,10855,3,0.1
6762,10858,10859,1,0.03333333333333333
6762,10884,10885,1,0.03333333333333333
6762,10887,10892,5,0.16666666666666666
6762,10901,10902,1,0.03333333333333333
6762,10909,10914,5,0.16666666666666666
6803,10875,10877,2,0.06666666666666667
6803,10944,10946,2,0.06666666666666667
6803,10967,10978,11,0.36666666666666664
6803,11016,11017,1,0.03333333333333333
6803,11018,11019,1,0.03333333333333333
6803,11024,11025,1,0.03333333333333333
6803,11026,11028,2,0.06666666666666667
6803,11111,11112,1,0.03333333333333333
6803,11113,11123,10,0.3333333333333333
6803,11124,11127,3,0.1
6803,11128,11131,3,0.1
6803,11206,11207,1,0.03333333333333333
6811,10880,10883,3,0.1
6853,10935,10937,2,0.06666666666666667
6862,10937,10938,1,0.03333333333333333
6862,10945,10946,1,0.03333333333333333
6855,10940,10943,3,0.1
6855,10947,10961,14,0.4666666666666667
6855,10973,10974,1,0.03333333333333333
6855,10979,10981,2,0.06666666666666667
6855,10988,10990,2,0.06666666666666667
6855,11000,11003,3,0.1
6855,11011,11018,7,0.23333333333333334
6855,11019,11020,1,0.03333333333333333
6855,11023,11026,3,0.1
6842,10919,10955,36,1.2
6842,10957,10958,1,0.03333333333333333
6842,10959,10961,2,0.06666666666666667
6842,10962,10987,25,0.8333333333333334
6888,10988,10995,7,0.23333333333333334
6888,11000,11003,3,0.1
6888,11007,11008,1,0.03333333333333333
6888,11019,11020,1,0.03333333333333333
6888,11038,11041,3,0.1
6888,11057,11058,1,0.03333333333333333
6888,11059,11060,1,0.03333333333333333
6888,11064,11065,1,0.03333333333333333
6888,11066,11067,1,0.03333333333333333
6888,11075,11076,1,0.03333333333333333
6888,11078,11079,1,0.03333333333333333
6870,10975,10998,23,0.7666666666666667
6870,10999,11011,12,0.4
6863,10978,11016,38,1.2666666666666666
6863,11017,11018,1,0.03333333333333333
6863,11019,11024,5,0.16666666666666666
6863,11025,11026,1,0.03333333333333333
6897,11018,11020,2,0.06666666666666667
6897,11082,11083,1,0.03333333333333333
6897,11084,11085,1,0.03333333333333333
6928,11058,11062,4,0.13333333333333333
6928,11070,11071,1,0.03333333333333333
6928,11075,11113,38,1.2666666666666666
6918,11041,11065,24,0.8
6918,11066,11077,11,0.36666666666666664
6918,11082,11083,1,0.03333333333333333
6918,11120,11124,4,0.13333333333333333
6914,11063,11070,7,0.23333333333333334
6914,11074,11101,27,0.9
6914,11103,11108,5,0.16666666666666666
6914,11109,11111,2,0.06666666666666667
6960,11088,11089,1,0.03333333333333333
6968,11109,11111,2,0.06666666666666667
6968,11123,11124,1,0.03333333333333333
6968,11132,11133,1,0.03333333333333333
6990,11127,11131,4,0.13333333333333333
6990,11175,11176,1,0.03333333333333333
6990,11193,11194,1,0.03333333333333333
6990,11220,11221,1,0.03333333333333333
6990,11224,11226,2,0.06666666666666667
7005,11130,11131,1,0.03333333333333333
7022,11140,11168,28,0.9333333333333333
7022,11169,11184,15,0.5
7022,11185,11186,1,0.03333333333333333
7027,11173,11176,3,0.1
7040,11180,11182,2,0.06666666666666667
7040,11185,11188,3,0.1
7040,11207,11208,1,0.03333333333333333
7040,11221,11222,1,0.03333333333333333
7040,11247,11248,1,0.03333333333333333
7034,11185,11186,1,0.03333333333333333
7034,11188,11196,8,0.26666666666666666
7034,11198,11199,1,0.03333333333333333
7034,11214,11216,2,0.06666666666666667
6998,11187,11190,3,0.1
7039,11203,11204,1,0.03333333333333333
7039,11208,11284,76,2.533333333333333
7039,11289,11290,1,0.03333333333333333
7039,11293,11297,4,0.13333333333333333
7039,11301,11305,4,0.13333333333333333
7039,11311,11312,1,0.03333333333333333
6932,11305,11310,5,0.16666666666666666
6932,11311,11312,1,0.03333333333333333
6932,11314,11316,2,0.06666666666666667
6932,11319,11320,1,0.03333333333333333
7017,11323,11324,1,0.03333333333333333
7075,11324,11329,5,0.16666666666666666
7075,11330,11334,4,0.13333333333333333
7075,11336,11339,3,0.1
7075,11340,11344,4,0.13333333333333333
7075,11346,11352,6,0.2
7075,11356,11359,3,0.1
7075,11361,11365,4,0.13333333333333333
7075,11366,11417,51,1.7
7075,11418,11428,10,0.3333333333333333
7094,11353,11354,1,0.03333333333333333
7094,11356,11357,1,0.03333333333333333
7098,11361,11364,3,0.1
7101,11362,11364,2,0.06666666666666667
7101,11612,11613,1,0.03333333333333333
7101,11618,11624,6,0.2
7101,11629,11632,3,0.1
7101,11634,11648,14,0.4666666666666667
7136,11421,11436,15,0.5
7136,11497,11510,13,0.43333333333333335
7136,11513,11514,1,0.03333333333333333
7136,11533,11598,65,2.1666666666666665
7136,11621,11624,3,0.1
7136,11645,11653,8,0.26666666666666666
7144,11434,11442,8,0.26666666666666666
7144,11444,11455,11,0.36666666666666664
7144,11456,11462,6,0.2
7144,11468,11469,1,0.03333333333333333
7144,11502,11506,4,0.13333333333333333
7144,11508,11510,2,0.06666666666666667
7144,11512,11513,1,0.03333333333333333
7150,11438,11444,6,0.2
7159,11477,11478,1,0.03333333333333333
7159,11493,11494,1,0.03333333333333333
7159,11496,11497,1,0.03333333333333333
7159,11537,11542,5,0.16666666666666666
7063,11493,11497,4,0.13333333333333333
7063,11498,11500,2,0.06666666666666667
7063,11501,11505,4,0.13333333333333333
7063,11506,11508,2,0.06666666666666667
7063,11512,11513,1,0.03333333333333333
7197,11530,11533,3,0.1
7197,11561,11564,3,0.1
7166,11513,11553,40,1.3333333333333333
7207,11554,11556,2,0.06666666666666667
7207,11557,11558,1,0.03333333333333333
7207,11560,11562,2,0.06666666666666667
7207,11565,11566,1,0.03333333333333333
7207,11569,11570,1,0.03333333333333333
7207,11598,11601,3,0.1
7253,11593,11596,3,0.1
7253,11601,11606,5,0.16666666666666666
7275,11600,11601,1,0.03333333333333333
7275,11609,11610,1,0.03333333333333333
7275,11617,11618,1,0.03333333333333333
7275,11625,11626,1,0.03333333333333333
7275,11642,11649,7,0.23333333333333334
7302,11624,11645,21,0.7
7302,11653,11662,9,0.3
6761,11617,11656,39,1.3
6761,11658,11680,22,0.7333333333333333
6761,11681,11694,13,0.43333333333333335
6761,11695,11713,18,0.6
6761,11718,11721,3,0.1
6761,11722,11728,6,0.2
6761,11763,11800,37,1.2333333333333334
7299,11650,11656,6,0.2
7328,11669,11670,1,0.03333333333333333
7328,11671,11672,1,0.03333333333333333
7315,11672,11673,1,0.03333333333333333
7315,11674,11677,3,0.1
7315,11750,11752,2,0.06666666666666667
7315,11756,11758,2,0.06666666666666667
7315,11766,11767,1,0.03333333333333333
7315,11768,11770,2,0.06666666666666667
7315,11776,11807,31,1.0333333333333334
7315,11819,11820,1,0.03333333333333333
7315,11822,11827,5,0.16666666666666666
7327,11671,11681,10,0.3333333333333333
7327,11682,11685,3,0.1
7292,11688,11689,1,0.03333333333333333
7337,11689,11690,1,0.03333333333333333
7337,11692,11698,6,0.2
7337,11701,11702,1,0.03333333333333333
7358,11725,11726,1,0.03333333333333333
7358,11744,11745,1,0.03333333333333333
7358,11748,11749,1,0.03333333333333333
7358,11831,11832,1,0.03333333333333333
7366,11729,11732,3,0.1
7366,11733,11738,5,0.16666666666666666
7366,11745,11753,8,0.26666666666666666
7366,11759,11760,1,0.03333333333333333
7366,11762,11763,1,0.03333333333333333
7366,11774,11776,2,0.06666666666666667
7366,11777,11778,1,0.03333333333333333
7210,11728,11734,6,0.2
7354,11738,11740,2,0.06666666666666667
7354,11744,11751,7,0.23333333333333334
7354,11755,11759,4,0.13333333333333333
7354,11763,11766,3,0.1
7354,11767,11775,8,0.26666666666666666
7354,11785,11807,22,0.7333333333333333
7354,11808,11809,1,0.03333333333333333
7354,11812,11816,4,0.13333333333333333
7354,11819,12177,358,11.933333333333334
7354,12178,12180,2,0.06666666666666667
7354,12212,12295,83,2.7666666666666666
7354,12300,12317,17,0.5666666666666667
7354,12320,12321,1,0.03333333333333333
7354,12323,12353,30,1.0
7354,12355,12401,46,1.5333333333333334
7354,12408,12418,10,0.3333333333333333
7354,12437,12467,30,1.0
7354,12468,12469,1,0.03333333333333333
7354,12471,12472,1,0.03333333333333333
7354,12473,12474,1,0.03333333333333333
7354,12477,12479,2,0.06666666666666667
7354,12481,12483,2,0.06666666666666667
7354,12485,12533,48,1.6
7354,12544,12550,6,0.2
7354,12552,12576,24,0.8
7354,12577,12602,25,0.8333333333333334
7354,12604,12690,86,2.8666666666666667
7354,12692,12693,1,0.03333333333333333
7354,12705,12729,24,0.8
7354,12732,12757,25,0.8333333333333334
7354,12764,12800,36,1.2
7354,12811,12827,16,0.5333333333333333
7354,12829,12831,2,0.06666666666666667
7354,12834,12837,3,0.1
7354,12838,12847,9,0.3
7354,12857,12902,45,1.5
7354,12903,12905,2,0.06666666666666667
7354,12908,12911,3,0.1
7354,12913,12918,5,0.16666666666666666
7354,12925,12927,2,0.06666666666666667
7354,12951,12954,3,0.1
7354,12961,13019,58,1.9333333333333333
7354,13021,13024,3,0.1
7354,13027,13029,2,0.06666666666666667
7354,13060,13061,1,0.03333333333333333
7354,13063,13078,15,0.5
7354,13081,13082,1,0.03333333333333333
7354,13087,13094,7,0.23333333333333334
7354,13097,13116,19,0.6333333333333333
7354,13119,13120,1,0.03333333333333333
7354,13135,13140,5,0.16666666666666666
7354,13145,13146,1,0.03333333333333333
7354,13149,13187,38,1.2666666666666666
7354,13190,13191,1,0.03333333333333333
7354,13194,13196,2,0.06666666666666667
7354,13200,13204,4,0.13333333333333333
7354,13205,13250,45,1.5
7354,13251,13283,32,1.0666666666666667
7354,13300,13307,7,0.23333333333333334
7354,13308,13322,14,0.4666666666666667
7354,13323,13332,9,0.3
7354,13333,13348,15,0.5
7354,13358,13360,2,0.06666666666666667
7354,13370,13372,2,0.06666666666666667
7354,13374,13376,2,0.06666666666666667
7354,13377,13378,1,0.03333333333333333
7354,13384,13388,4,0.13333333333333333
7354,13389,13391,2,0.06666666666666667
7354,13397,13410,13,0.43333333333333335
7354,13411,13412,1,0.03333333333333333
7354,13413,13414,1,0.03333333333333333
7354,13417,13418,1,0.03333333333333333
7354,13428,13440,12,0.4
7354,13449,13502,53,1.7666666666666666
7354,13504,13506,2,0.06666666666666667
7354,13521,13533,12,0.4
7354,13534,13539,5,0.16666666666666666
7354,13540,13542,2,0.06666666666666667
7354,13614,13615,1,0.03333333333333333
7354,13618,13619,1,0.03333333333333333
7354,13626,13673,47,1.5666666666666667
7354,13676,13677,1,0.03333333333333333
7354,13686,13688,2,0.06666666666666667
7354,13696,13704,8,0.26666666666666666
7354,13709,13724,15,0.5
7354,13726,13756,30,1.0
7354,13764,13765,1,0.03333333333333333
7354,13784,13785,1,0.03333333333333333
7354,13787,13788,1,0.03333333333333333
7354,13832,13850,18,0.6
7354,13853,13877,24,0.8
7354,13894,13896,2,0.06666666666666667
7354,13900,13902,2,0.06666666666666667
7354,13907,13918,11,0.36666666666666664
7354,13919,13963,44,1.4666666666666666
7354,13996,13999,3,0.1
7354,14002,14006,4,0.13333333333333333
7354,14007,14010,3,0.1
7354,14015,14062,47,1.5666666666666667
7354,14066,14067,1,0.03333333333333333
7354,14070,14072,2,0.06666666666666667
7354,14087,14098,11,0.36666666666666664
7354,14135,14137,2,0.06666666666666667
7354,14143,14146,3,0.1
7354,14151,14178,27,0.9
7354,14179,14181,2,0.06666666666666667
7354,14189,14193,4,0.13333333333333333
7354,14206,14211,5,0.16666666666666666
7354,14213,14233,20,0.6666666666666666
7354,14237,14241,4,0.13333333333333333
7354,14243,14245,2,0.06666666666666667
7354,14259,14262,3,0.1
7354,14266,14267,1,0.03333333333333333
7354,14269,14422,153,5.1
7354,14438,14440,2,0.06666666666666667
7354,14447,14456,9,0.3
7354,14457,14458,1,0.03333333333333333
7354,14459,14460,1,0.03333333333333333
7354,14461,14597,136,4.533333333333333
7354,14607,14644,37,1.2333333333333334
7354,14657,14658,1,0.03333333333333333
7354,14660,14664,4,0.13333333333333333
7354,14667,14669,2,0.06666666666666667
7354,14671,14776,105,3.5
7354,14778,14923,145,4.833333333333333
7354,14924,14944,20,0.6666666666666666
7354,14948,14951,3,0.1
7354,14952,14957,5,0.16666666666666666
7354,14958,14965,7,0.23333333333333334
7354,14966,14973,7,0.23333333333333334
7354,14979,14988,9,0.3
7354,14994,14995,1,0.03333333333333333
7354,14996,15013,17,0.5666666666666667
7354,15014,15015,1,0.03333333333333333
7354,15017,15018,1,0.03333333333333333
7354,15021,15029,8,0.26666666666666666
7354,15030,15033,3,0.1
7354,15034,15051,17,0.5666666666666667
7354,15064,15090,26,0.8666666666666667
7354,15102,15105,3,0.1
7354,15106,15107,1,0.03333333333333333
7354,15132,15133,1,0.03333333333333333
7354,15134,15136,2,0.06666666666666667
7354,15138,15144,6,0.2
7354,15145,15202,57,1.9
7354,15203,15204,1,0.03333333333333333
7354,15206,15207,1,0.03333333333333333
7354,15212,15220,8,0.26666666666666666
7354,15228,15229,1,0.03333333333333333
7354,15230,15232,2,0.06666666666666667
7354,15242,15256,14,0.4666666666666667
7354,15260,15264,4,0.13333333333333333
7354,15265,15271,6,0.2
7354,15275,15337,62,2.066666666666667
7354,15341,15342,1,0.03333333333333333
7354,15359,15365,6,0.2
7354,15366,15372,6,0.2
7354,15391,15394,3,0.1
7354,15401,15415,14,0.4666666666666667
7354,15424,15425,1,0.03333333333333333
7354,15426,15427,1,0.03333333333333333
7354,15433,15439,6,0.2
7354,15441,15445,4,0.13333333333333333
7354,15448,15453,5,0.16666666666666666
7354,15458,15544,86,2.8666666666666667
7354,15555,15558,3,0.1
7354,15559,15560,1,0.03333333333333333
7354,15564,15574,10,0.3333333333333333
7354,15582,15608,26,0.8666666666666667
7354,15609,15613,4,0.13333333333333333
7354,15616,15624,8,0.26666666666666666
7354,15625,15644,19,0.6333333333333333
7354,15649,15747,98,3.2666666666666666
7354,15750,15751,1,0.03333333333333333
7354,15761,15765,4,0.13333333333333333
7354,15801,15813,12,0.4
7354,15817,15840,23,0.7666666666666667
7354,15843,15846,3,0.1
7354,15847,15848,1,0.03333333333333333
7354,15852,15896,44,1.4666666666666666
7354,15897,15932,35,1.1666666666666667
7354,15935,15937,2,0.06666666666666667
7354,15938,15965,27,0.9
7354,16005,16160,155,5.166666666666667
7354,16180,16221,41,1.3666666666666667
7354,16238,16243,5,0.16666666666666666
7354,16244,16251,7,0.23333333333333334
7354,16267,16271,4,0.13333333333333333
7354,16272,16288,16,0.5333333333333333
7354,16295,16299,4,0.13333333333333333
7354,16300,16302,2,0.06666666666666667
7354,16303,16304,1,0.03333333333333333
7354,16307,16316,9,0.3
7354,16317,16320,3,0.1
7354,16324,16341,17,0.5666666666666667
7354,16344,16345,1,0.03333333333333333
7354,16347,16348,1,0.03333333333333333
7354,16349,16351,2,0.06666666666666667
7354,16352,16355,3,0.1
7354,16358,16360,2,0.06666666666666667
7354,16363,16369,6,0.2
7354,16372,16389,17,0.5666666666666667
7354,16412,16421,9,0.3
7354,16453,16461,8,0.26666666666666666
7354,16477,16478,1,0.03333333333333333
7354,16482,16483,1,0.03333333333333333
7354,16497,16498,1,0.03333333333333333
7354,16500,16506,6,0.2
7338,11770,11773,3,0.1
7338,12233,12241,8,0.26666666666666666
7392,11796,11797,1,0.03333333333333333
7392,11798,11799,1,0.03333333333333333
7392,11820,11821,1,0.03333333333333333
7392,11822,11823,1,0.03333333333333333
7392,11824,11826,2,0.06666666666666667
7392,11831,11833,2,0.06666666666666667
7392,11834,11835,1,0.03333333333333333
7392,11837,11841,4,0.13333333333333333
7392,11843,11844,1,0.03333333333333333
7392,11845,11848,3,0.1
7392,11849,11855,6,0.2
7392,11859,11860,1,0.03333333333333333
7392,11864,11865,1,0.03333333333333333
7392,11871,11873,2,0.06666666666666667
7392,11876,11878,2,0.06666666666666667
7392,11879,11880,1,0.03333333333333333
7392,11887,11892,5,0.16666666666666666
7392,11896,11897,1,0.03333333333333333
7422,11824,11826,2,0.06666666666666667
7422,11831,11840,9,0.3
7422,11846,11847,1,0.03333333333333333
7422,11851,11852,1,0.03333333333333333
7422,11860,11872,12,0.4
7422,11873,11877,4,0.13333333333333333
7422,11889,11890,1,0.03333333333333333
7439,11850,11851,1,0.03333333333333333
7439,11853,11855,2,0.06666666666666667
7439,11856,11860,4,0.13333333333333333
7439,11865,11867,2,0.06666666666666667
7439,11869,11873,4,0.13333333333333333
7439,11877,11879,2,0.06666666666666667
7439,11881,11885,4,0.13333333333333333
7439,11887,11888,1,0.03333333333333333
7439,11891,11892,1,0.03333333333333333
7439,11896,11897,1,0.03333333333333333
7439,11899,11900,1,0.03333333333333333
7439,11901,11909,8,0.26666666666666666
7439,11912,11916,4,0.13333333333333333
7439,11918,11920,2,0.06666666666666667
7435,11847,11855,8,0.26666666666666666
7435,11875,11877,2,0.06666666666666667
7431,11843,11857,14,0.4666666666666667
7475,11886,11887,1,0.03333333333333333
7476,11886,11889,3,0.1
7469,11893,11894,1,0.03333333333333333
7469,11899,11900,1,0.03333333333333333
7469,11929,11932,3,0.1
7469,11949,11950,1,0.03333333333333333
7469,11953,11957,4,0.13333333333333333
7469,11973,11974,1,0.03333333333333333
7469,11980,11981,1,0.03333333333333333
7368,11900,11905,5,0.16666666666666666
7368,11908,11913,5,0.16666666666666666
7368,11915,11939,24,0.8
7482,11904,11912,8,0.26666666666666666
7482,11916,11968,52,1.7333333333333334
7482,11969,12061,92,3.066666666666667
7482,12068,12205,137,4.566666666666666
7482,12209,12622,413,13.766666666666667
7493,11936,11941,5,0.16666666666666666
7528,11983,11985,2,0.06666666666666667
7528,12036,12038,2,0.06666666666666667
7528,12040,12041,1,0.03333333333333333
7528,12062,12064,2,0.06666666666666667
7528,12065,12070,5,0.16666666666666666
7528,12072,12073,1,0.03333333333333333
7528,12089,12090,1,0.03333333333333333
7528,12093,12094,1,0.03333333333333333
7522,11997,12001,4,0.13333333333333333
7522,12032,12036,4,0.13333333333333333
7522,12038,12042,4,0.13333333333333333
7522,12043,12044,1,0.03333333333333333
7522,12082,12097,15,0.5
7522,12098,12101,3,0.1
7522,12105,12106,1,0.03333333333333333
7522,12107,12109,2,0.06666666666666667
7522,12120,12124,4,0.13333333333333333
7522,12129,12133,4,0.13333333333333333
7522,12134,12135,1,0.03333333333333333
7522,12190,12191,1,0.03333333333333333
7522,12232,12233,1,0.03333333333333333
7522,12235,12236,1,0.03333333333333333
7549,12110,12112,2,0.06666666666666667
7549,12328,12345,17,0.5666666666666667
7549,12347,12352,5,0.16666666666666666
7558,12189,12190,1,0.03333333333333333
7579,12241,12242,1,0.03333333333333333
7579,12324,12336,12,0.4
7579,12340,12345,5,0.16666666666666666
7583,12244,12245,1,0.03333333333333333
7583,12281,12283,2,0.06666666666666667
7478,12282,12283,1,0.03333333333333333
7478,12337,12339,2,0.06666666666666667
7478,12346,12347,1,0.03333333333333333
7478,12349,12385,36,1.2
7478,12387,12389,2,0.06666666666666667
7478,12470,12472,2,0.06666666666666667
7478,12473,12475,2,0.06666666666666667
7478,12497,12498,1,0.03333333333333333
7478,12749,12751,2,0.06666666666666667
7478,12785,12786,1,0.03333333333333333
7478,12787,12788,1,0.03333333333333333
7478,12895,12908,13,0.43333333333333335
7478,12914,12922,8,0.26666666666666666
7478,12925,12931,6,0.2
7478,12934,12939,5,0.16666666666666666
7478,12941,12942,1,0.03333333333333333
7478,12979,12986,7,0.23333333333333334
7478,13056,13057,1,0.03333333333333333
7478,13058,13059,1,0.03333333333333333
7478,13223,13224,1,0.03333333333333333
7478,13227,13230,3,0.1
7478,13331,13336,5,0.16666666666666666
7478,13338,13340,2,0.06666666666666667
7478,13511,13517,6,0.2
7478,13518,13521,3,0.1
7478,13526,13528,2,0.06666666666666667
7478,13533,13537,4,0.13333333333333333
7478,13689,13701,12,0.4
7478,13702,13704,2,0.06666666666666667
7478,13706,13717,11,0.36666666666666664
7478,13724,13740,16,0.5333333333333333
7478,13788,13789,1,0.03333333333333333
7478,13801,13868,67,2.2333333333333334
7478,13874,13891,17,0.5666666666666667
7478,13894,13897,3,0.1
7478,13899,13908,9,0.3
7478,13916,13979,63,2.1
7478,13981,14055,74,2.466666666666667
7478,14103,14105,2,0.06666666666666667
7478,14130,14133,3,0.1
7478,14134,14138,4,0.13333333333333333
7478,14142,14160,18,0.6
7478,14206,14208,2,0.06666666666666667
7478,14259,14262,3,0.1
7478,14269,14274,5,0.16666666666666666
7478,14365,14366,1,0.03333333333333333
7478,14370,14373,3,0.1
7478,14508,14509,1,0.03333333333333333
7478,14510,14517,7,0.23333333333333334
7478,14518,14519,1,0.03333333333333333
7478,14520,14522,2,0.06666666666666667
7478,14548,14550,2,0.06666666666666667
7478,14551,14555,4,0.13333333333333333
7478,14596,14597,1,0.03333333333333333
7478,14689,14709,20,0.6666666666666666
7478,14711,14712,1,0.03333333333333333
7478,14783,14794,11,0.36666666666666664
7478,14795,14797,2,0.06666666666666667
7478,14801,14802,1,0.03333333333333333
7478,14803,14829,26,0.8666666666666667
7478,14958,15018,60,2.0
7478,15019,15022,3,0.1
7478,15027,15030,3,0.1
7478,15034,15045,11,0.36666666666666664
7478,15069,15070,1,0.03333333333333333
7478,15103,15111,8,0.26666666666666666
7478,15112,15115,3,0.1
7478,15132,15134,2,0.06666666666666667
7478,15135,15163,28,0.9333333333333333
7478,15168,15245,77,2.566666666666667
7478,15247,15248,1,0.03333333333333333
7478,15249,15254,5,0.16666666666666666
7478,15260,15261,1,0.03333333333333333
7478,15264,15265,1,0.03333333333333333
7478,15332,15333,1,0.03333333333333333
7478,15342,15366,24,0.8
7478,15372,15373,1,0.03333333333333333
7478,15381,15449,68,2.2666666666666666
7478,15492,15500,8,0.26666666666666666
7478,15504,15507,3,0.1
7478,15512,15539,27,0.9
7478,15546,15547,1,0.03333333333333333
7478,15550,15553,3,0.1
7478,15556,15558,2,0.06666666666666667
7478,15559,15560,1,0.03333333333333333
7478,15563,15567,4,0.13333333333333333
7478,15609,15620,11,0.36666666666666664
7478,15621,15623,2,0.06666666666666667
7478,15628,15798,170,5.666666666666667
7478,15799,15801,2,0.06666666666666667
7478,15808,15809,1,0.03333333333333333
7478,15815,15818,3,0.1
7478,15821,15822,1,0.03333333333333333
7478,15823,15831,8,0.26666666666666666
7478,15998,15999,1,0.03333333333333333
7478,16001,16005,4,0.13333333333333333
7478,16008,16017,9,0.3
7478,16020,16021,1,0.03333333333333333
7478,16027,16028,1,0.03333333333333333
7478,16131,16187,56,1.8666666666666667
7478,16188,16192,4,0.13333333333333333
7478,16194,16200,6,0.2
7478,16203,16220,17,0.5666666666666667
7478,16243,16247,4,0.13333333333333333
7478,16276,16350,74,2.466666666666667
7478,16351,16352,1,0.03333333333333333
7478,16377,16379,2,0.06666666666666667
7478,16383,16384,1,0.03333333333333333
7478,16387,16421,34,1.1333333333333333
7478,16423,16424,1,0.03333333333333333
7478,16466,16469,3,0.1
7478,16472,16473,1,0.03333333333333333
7478,16481,16496,15,0.5
7478,16508,16540,32,1.0666666666666667
7478,16548,16553,5,0.16666666666666666
7478,16601,16604,3,0.1
7478,16606,16650,44,1.4666666666666666
7478,16652,16654,2,0.06666666666666667
7478,16656,16658,2,0.06666666666666667
7478,16671,16679,8,0.26666666666666666
7478,16764,16766,2,0.06666666666666667
7478,16861,16865,4,0.13333333333333333
7478,16918,16924,6,0.2
7478,16925,16927,2,0.06666666666666667
7478,16955,17016,61,2.033333333333333
7478,17019,17023,4,0.13333333333333333
7478,17052,17078,26,0.8666666666666667
7478,17092,17094,2,0.06666666666666667
7478,17120,17122,2,0.06666666666666667
7478,17124,17126,2,0.06666666666666667
7478,17127,17130,3,0.1
7478,17131,17134,3,0.1
7478,17153,17155,2,0.06666666666666667
7478,17157,17158,1,0.03333333333333333
7478,17186,17187,1,0.03333333333333333
7478,17190,17192,2,0.06666666666666667
7478,17196,17215,19,0.6333333333333333
7478,17216,17218,2,0.06666666666666667
7478,17265,17355,90,3.0
7478,17357,17359,2,0.06666666666666667
7478,17362,17363,1,0.03333333333333333
7478,17385,17398,13,0.43333333333333335
7478,17403,17405,2,0.06666666666666667
7478,17434,17435,1,0.03333333333333333
7478,17436,17446,10,0.3333333333333333
7478,17449,17451,2,0.06666666666666667
7478,17454,17462,8,0.26666666666666666
7478,17465,17467,2,0.06666666666666667
7478,17530,17607,77,2.566666666666667
7478,17611,17639,28,0.9333333333333333
7478,17663,17672,9,0.3
7478,17676,17681,5,0.16666666666666666
7478,17698,17713,15,0.5
7478,17716,17751,35,1.1666666666666667
7478,17753,17758,5,0.16666666666666666
7478,17798,17802,4,0.13333333333333333
7478,17822,17825,3,0.1
7478,17833,17834,1,0.03333333333333333
7478,17841,17940,99,3.3
7478,17944,17945,1,0.03333333333333333
7478,17948,17950,2,0.06666666666666667
7478,17952,17956,4,0.13333333333333333
7478,17957,17962,5,0.16666666666666666
7478,17963,17965,2,0.06666666666666667
7478,17966,17970,4,0.13333333333333333
7478,17973,17974,1,0.03333333333333333
7597,12317,12319,2,0.06666666666666667
7614,12330,12332,2,0.06666666666666667
7614,12336,12340,4,0.13333333333333333
7614,12345,12347,2,0.06666666666666667
7614,12465,12468,3,0.1
7612,12333,12335,2,0.06666666666666667
7629,12339,12340,1,0.03333333333333333
7625,12358,12361,3,0.1
7625,12362,12365,3,0.1
7645,12393,12396,3,0.1
7645,12399,12401,2,0.06666666666666667
7645,12403,12405,2,0.06666666666666667
7645,12411,12414,3,0.1
7645,12415,12416,1,0.03333333333333333
7645,12418,12419,1,0.03333333333333333
7645,12420,12421,1,0.03333333333333333
7680,12414,12415,1,0.03333333333333333
7680,12416,12418,2,0.06666666666666667
7680,12419,12420,1,0.03333333333333333
7680,12421,12423,2,0.06666666666666667
7680,12424,12425,1,0.03333333333333333
7680,12428,12432,4,0.13333333333333333
7680,12433,12434,1,0.03333333333333333
7680,12437,12441,4,0.13333333333333333
7680,12443,12444,1,0.03333333333333333
7680,12445,12457,12,0.4
7700,12451,12453,2,0.06666666666666667
7707,12461,12463,2,0.06666666666666667
7707,12467,12471,4,0.13333333333333333
7707,12472,12473,1,0.03333333333333333
7707,12474,12475,1,0.03333333333333333
7710,12471,12472,1,0.03333333333333333
7710,12473,12474,1,0.03333333333333333
7710,12475,12477,2,0.06666666666666667
7710,12487,12488,1,0.03333333333333333
7710,12498,12500,2,0.06666666666666667
7710,12501,12507,6,0.2
7710,12520,12521,1,0.03333333333333333
7710,12528,12540,12,0.4
7710,12561,12565,4,0.13333333333333333
7714,12472,12473,1,0.03333333333333333
7714,12479,12480,1,0.03333333333333333
7714,12481,12482,1,0.03333333333333333
7714,12483,12484,1,0.03333333333333333
7714,12486,12488,2,0.06666666666666667
7714,12489,12491,2,0.06666666666666667
7714,12493,12496,3,0.1
7714,12498,12499,1,0.03333333333333333
7714,12500,12501,1,0.03333333333333333
7714,12505,12509,4,0.13333333333333333
7714,12522,12524,2,0.06666666666666667
7714,12530,12540,10,0.3333333333333333
7714,12548,12549,1,0.03333333333333333
7714,12561,12564,3,0.1
7714,12568,12569,1,0.03333333333333333
7714,12570,12576,6,0.2
7714,12580,12592,12,0.4
7725,12480,12481,1,0.03333333333333333
7725,12482,12483,1,0.03333333333333333
7725,12484,12486,2,0.06666666666666667
7725,12491,12504,13,0.43333333333333335
7685,12507,12508,1,0.03333333333333333
7685,12511,12513,2,0.06666666666666667
7685,12516,12518,2,0.06666666666666667
7685,12534,12542,8,0.26666666666666666
7685,12550,12557,7,0.23333333333333334
7685,12581,12585,4,0.13333333333333333
7685,12586,12589,3,0.1
7749,12509,12517,8,0.26666666666666666
7749,12518,12520,2,0.06666666666666667
7749,12521,12528,7,0.23333333333333334
7772,12530,12531,1,0.03333333333333333
7772,12532,12533,1,0.03333333333333333
7772,12545,12546,1,0.03333333333333333
7772,12552,12553,1,0.03333333333333333
7772,12554,12556,2,0.06666666666666667
7772,12566,12570,4,0.13333333333333333
7772,12572,12584,12,0.4
7772,12596,12597,1,0.03333333333333333
7772,12612,12614,2,0.06666666666666667
7772,12616,12617,1,0.03333333333333333
7772,12629,12634,5,0.16666666666666666
7772,12636,12637,1,0.03333333333333333
7772,12638,12645,7,0.23333333333333334
7771,12544,12545,1,0.03333333333333333
7771,12581,12582,1,0.03333333333333333
7771,12586,12588,2,0.06666666666666667
7771,12608,12609,1,0.03333333333333333
7771,12612,12614,2,0.06666666666666667
7771,12616,12617,1,0.03333333333333333
7804,12573,12574,1,0.03333333333333333
7804,12584,12594,10,0.3333333333333333
7804,12597,12598,1,0.03333333333333333
7804,12599,12612,13,0.43333333333333335
7804,12617,12631,14,0.4666666666666667
7804,12634,12636,2,0.06666666666666667
7804,12637,12650,13,0.43333333333333335
7804,12660,12667,7,0.23333333333333334
7712,12584,12586,2,0.06666666666666667
7712,12588,12589,1,0.03333333333333333
7712,12596,12597,1,0.03333333333333333
7712,12619,12644,25,0.8333333333333334
7712,12660,12661,1,0.03333333333333333
7712,12662,12667,5,0.16666666666666666
7712,12668,12693,25,0.8333333333333334
7712,12798,12800,2,0.06666666666666667
7814,12584,12588,4,0.13333333333333333
7814,12597,12598,1,0.03333333333333333
7814,12600,12614,14,0.4666666666666667
7814,12617,12618,1,0.03333333333333333
7814,12620,12629,9,0.3
7814,12630,12634,4,0.13333333333333333
7814,12638,12644,6,0.2
7814,12654,12656,2,0.06666666666666667
7814,12665,12676,11,0.36666666666666664
7814,12685,12690,5,0.16666666666666666
7814,12694,12697,3,0.1
7814,12700,12702,2,0.06666666666666667
7814,12704,12706,2,0.06666666666666667
7814,12709,12712,3,0.1
7814,12720,12721,1,0.03333333333333333
7814,12732,12733,1,0.03333333333333333
7814,12749,12751,2,0.06666666666666667
7814,12861,12862,1,0.03333333333333333
7791,12586,12588,2,0.06666666666666667
7791,12589,12596,7,0.23333333333333334
7791,12597,12619,22,0.7333333333333333
7791,12644,12660,16,0.5333333333333333
7791,12661,12662,1,0.03333333333333333
7791,12667,12668,1,0.03333333333333333
7872,12684,12685,1,0.03333333333333333
7872,12692,12694,2,0.06666666666666667
7872,12696,12697,1,0.03333333333333333
7872,12700,12704,4,0.13333333333333333
7872,12706,12708,2,0.06666666666666667
7872,12709,12710,1,0.03333333333333333
7872,12713,12714,1,0.03333333333333333
7872,12728,12729,1,0.03333333333333333
7872,12730,12732,2,0.06666666666666667
7872,12735,12736,1,0.03333333333333333
7872,12737,12740,3,0.1
7872,12745,12757,12,0.4
7872,12760,12761,1,0.03333333333333333
7882,12706,12708,2,0.06666666666666667
7953,12845,12847,2,0.06666666666666667
7953,12849,12851,2,0.06666666666666667
7953,12853,12854,1,0.03333333333333333
7933,12850,12853,3,0.1
7933,12863,12865,2,0.06666666666666667
7933,12874,12878,4,0.13333333333333333
7942,12861,12863,2,0.06666666666666667
7971,12863,12865,2,0.06666666666666667
7923,12886,12887,1,0.03333333333333333
8013,12907,12909,2,0.06666666666666667
8013,12910,12911,1,0.03333333333333333
8013,12912,12913,1,0.03333333333333333
8013,12919,12921,2,0.06666666666666667
8013,12922,12923,1,0.03333333333333333
8013,12924,12925,1,0.03333333333333333
8013,12930,12931,1,0.03333333333333333
8013,12932,12939,7,0.23333333333333334
8013,12947,12951,4,0.13333333333333333
8024,12949,12965,16,0.5333333333333333
8024,12967,12970,3,0.1
8024,12972,12973,1,0.03333333333333333
8024,12981,12984,3,0.1
8024,12987,12999,12,0.4
8024,13001,13002,1,0.03333333333333333
8024,13003,13004,1,0.03333333333333333
8024,13006,13009,3,0.1
8024,13051,13052,1,0.03333333333333333
8024,13054,13055,1,0.03333333333333333
8024,13056,13057,1,0.03333333333333333
8024,13067,13068,1,0.03333333333333333
8024,13100,13101,1,0.03333333333333333
8024,13104,13106,2,0.06666666666666667
8024,13109,13111,2,0.06666666666666667
8024,13117,13118,1,0.03333333333333333
8024,13125,13128,3,0.1
8024,13129,13132,3,0.1
8017,12982,12984,2,0.06666666666666667
8017,12993,13019,26,0.8666666666666667
8017,13020,13021,1,0.03333333333333333
8017,13025,13057,32,1.0666666666666667
8017,13063,13076,13,0.43333333333333335
8017,13077,13078,1,0.03333333333333333
8017,13090,13123,33,1.1
8017,13124,13152,28,0.9333333333333333
8017,13154,13161,7,0.23333333333333334
8017,13163,13171,8,0.26666666666666666
8017,13177,13193,16,0.5333333333333333
8017,13194,13196,2,0.06666666666666667
8017,13214,13239,25,0.8333333333333334
8017,13243,13275,32,1.0666666666666667
8017,13277,13283,6,0.2
8017,13332,13340,8,0.26666666666666666
8017,13358,13360,2,0.06666666666666667
8017,13361,13368,7,0.23333333333333334
8017,13373,13391,18,0.6
8017,13392,13394,2,0.06666666666666667
8017,13402,13405,3,0.1
8091,13024,13025,1,0.03333333333333333
8091,13027,13029,2,0.06666666666666667
8091,13049,13051,2,0.06666666666666667
8091,13060,13062,2,0.06666666666666667
8091,13097,13098,1,0.03333333333333333
8091,13175,13178,3,0.1
8091,13185,13186,1,0.03333333333333333
8091,13187,13189,2,0.06666666666666667
8096,13026,13028,2,0.06666666666666667
8108,13027,13030,3,0.1
8108,13033,13034,1,0.03333333333333333
8108,13037,13039,2,0.06666666666666667
8108,13040,13042,2,0.06666666666666667
8108,13045,13046,1,0.03333333333333333
8108,13058,13060,2,0.06666666666666667
8108,13061,13064,3,0.1
8108,13066,13083,17,0.5666666666666667
8108,13085,13089,4,0.13333333333333333
8108,13097,13104,7,0.23333333333333334
8108,13107,13124,17,0.5666666666666667
8108,13126,13162,36,1.2
8108,13167,13168,1,0.03333333333333333
8078,13046,13049,3,0.1
8078,13051,13052,1,0.03333333333333333
8078,13077,13078,1,0.03333333333333333
8078,13097,13099,2,0.06666666666666667
8134,13052,13054,2,0.06666666666666667
8134,13055,13056,1,0.03333333333333333
8041,13077,13078,1,0.03333333333333333
8041,13092,13098,6,0.2
8041,13135,13138,3,0.1
8041,13146,13147,1,0.03333333333333333
8041,13149,13150,1,0.03333333333333333
8041,13161,13163,2,0.06666666666666667
8041,13169,13175,6,0.2
8041,13179,13184,5,0.16666666666666666
8041,13186,13187,1,0.03333333333333333
8157,13098,13100,2,0.06666666666666667
8081,13098,13101,3,0.1
8081,13104,13105,1,0.03333333333333333
8081,13106,13124,18,0.6
8081,13128,13129,1,0.03333333333333333
8081,13130,13136,6,0.2
8081,13140,13143,3,0.1
8081,13166,13170,4,0.13333333333333333
8081,13171,13174,3,0.1
8081,13175,13178,3,0.1
8081,13203,13204,1,0.03333333333333333
8081,13227,13228,1,0.03333333333333333
8081,13255,13258,3,0.1
8174,13116,13117,1,0.03333333333333333
8164,13099,13122,23,0.7666666666666667
8164,13426,13431,5,0.16666666666666666
8164,13432,13441,9,0.3
8164,13443,13445,2,0.06666666666666667
8164,13813,13814,1,0.03333333333333333
8164,13817,13825,8,0.26666666666666666
8164,13827,13829,2,0.06666666666666667
8164,13830,13831,1,0.03333333333333333
8164,13894,13896,2,0.06666666666666667
8181,13155,13224,69,2.3
8238,13242,13244,2,0.06666666666666667
8237,13266,13267,1,0.03333333333333333
8237,13268,13271,3,0.1
8237,13275,13278,3,0.1
8237,13279,13288,9,0.3
8237,13297,13299,2,0.06666666666666667
8237,13302,13308,6,0.2
8237,13318,13324,6,0.2
8237,13328,13346,18,0.6
8237,13348,13351,3,0.1
8237,13352,13355,3,0.1
8237,13365,13366,1,0.03333333333333333
8237,13376,13377,1,0.03333333333333333
8237,13399,13409,10,0.3333333333333333
8237,13410,13411,1,0.03333333333333333
8237,13533,13534,1,0.03333333333333333
8237,13537,13541,4,0.13333333333333333
8237,13543,13548,5,0.16666666666666666
8267,13340,13341,1,0.03333333333333333
8267,13422,13424,2,0.06666666666666667
8280,13352,13353,1,0.03333333333333333
8280,13363,13365,2,0.06666666666666667
8280,13372,13374,2,0.06666666666666667
8280,13376,13377,1,0.03333333333333333
8280,13378,13379,1,0.03333333333333333
8280,13386,13389,3,0.1
8280,13436,13437,1,0.03333333333333333
8275,13358,13360,2,0.06666666666666667
8275,13362,13363,1,0.03333333333333333
8275,13364,13365,1,0.03333333333333333
8275,13366,13412,46,1.5333333333333334
8275,13414,13417,3,0.1
8275,13418,13425,7,0.23333333333333334
8295,13369,13373,4,0.13333333333333333
8295,13374,13378,4,0.13333333333333333
8295,13381,13384,3,0.1
8295,13385,13393,8,0.26666666666666666
8295,13397,13399,2,0.06666666666666667
8295,13400,13402,2,0.06666666666666667
8295,13404,13409,5,0.16666666666666666
8311,13410,13413,3,0.1
8311,13444,13445,1,0.03333333333333333
8311,13602,13603,1,0.03333333333333333
8323,13425,13428,3,0.1
8323,13500,13501,1,0.03333333333333333
8323,13531,13568,37,1.2333333333333334
8317,13425,13430,5,0.16666666666666666
8341,13493,13494,1,0.03333333333333333
8341,13497,13500,3,0.1
8341,13502,13507,5,0.16666666666666666
8341,13513,13514,1,0.03333333333333333
8341,13521,13522,1,0.03333333333333333
8341,13528,13533,5,0.16666666666666666
8341,13536,13537,1,0.03333333333333333
8341,13538,13545,7,0.23333333333333334
8312,13493,13495,2,0.06666666666666667
8312,13500,13501,1,0.03333333333333333
8312,13502,13504,2,0.06666666666666667
8312,13505,13514,9,0.3
8312,13519,13521,2,0.06666666666666667
8312,13522,13556,34,1.1333333333333333
8312,13558,13564,6,0.2
8312,13581,13598,17,0.5666666666666667
8312,13603,13606,3,0.1
8312,13626,13629,3,0.1
8312,13630,13639,9,0.3
8312,13640,13656,16,0.5333333333333333
8312,13657,13660,3,0.1
8312,14091,14111,20,0.6666666666666666
8312,14120,14126,6,0.2
8312,14135,14138,3,0.1
8312,14141,14149,8,0.26666666666666666
8312,14217,14218,1,0.03333333333333333
8312,14486,14487,1,0.03333333333333333
8312,14700,14701,1,0.03333333333333333
8312,15042,15043,1,0.03333333333333333
8312,15111,15131,20,0.6666666666666666
8312,15133,15135,2,0.06666666666666667
8312,15139,15152,13,0.43333333333333335
8312,15502,15503,1,0.03333333333333333
8312,15507,15514,7,0.23333333333333334
8312,15515,15516,1,0.03333333333333333
8312,15519,15526,7,0.23333333333333334
8312,15528,15531,3,0.1
8312,15906,15907,1,0.03333333333333333
8312,16112,16115,3,0.1
8312,16151,16155,4,0.13333333333333333
8312,16158,16159,1,0.03333333333333333
8312,16188,16189,1,0.03333333333333333
8312,16215,16217,2,0.06666666666666667
8312,16221,16223,2,0.06666666666666667
8312,16365,16369,4,0.13333333333333333
8312,16446,16457,11,0.36666666666666664
8312,16458,16460,2,0.06666666666666667
8312,16564,16568,4,0.13333333333333333
8312,16570,16571,1,0.03333333333333333
8312,16850,16900,50,1.6666666666666667
8312,16905,16906,1,0.03333333333333333
8312,17496,17497,1,0.03333333333333333
8312,17911,17916,5,0.16666666666666666
8312,17919,17923,4,0.13333333333333333
8312,17927,17931,4,0.13333333333333333
8312,17932,17940,8,0.26666666666666666
8312,17944,17961,17,0.5666666666666667
8312,17962,17968,6,0.2
8364,13522,13550,28,0.9333333333333333
8364,13564,13565,1,0.03333333333333333
8364,13570,13572,2,0.06666666666666667
8397,13560,13561,1,0.03333333333333333
8397,13562,13563,1,0.03333333333333333
8397,13565,13566,1,0.03333333333333333
8397,13570,13572,2,0.06666666666666667
8397,13585,13586,1,0.03333333333333333
8397,13587,13589,2,0.06666666666666667
8397,13594,13599,5,0.16666666666666666
8397,13602,13610,8,0.26666666666666666
8397,13613,13617,4,0.13333333333333333
8397,13619,13636,17,0.5666666666666667
8397,13637,13642,5,0.16666666666666666
8397,13654,13658,4,0.13333333333333333
8397,13660,13661,1,0.03333333333333333
8397,13665,13671,6,0.2
8397,13672,13677,5,0.16666666666666666
8397,13678,13685,7,0.23333333333333334
8373,13572,13576,4,0.13333333333333333
8373,13584,13585,1,0.03333333333333333
8373,13594,13604,10,0.3333333333333333
8373,13618,13619,1,0.03333333333333333
8373,13620,13621,1,0.03333333333333333
8433,13582,13584,2,0.06666666666666667
8433,13585,13598,13,0.43333333333333335
8424,13586,13593,7,0.23333333333333334
8424,13594,13595,1,0.03333333333333333
8424,13626,13627,1,0.03333333333333333
8442,13586,13594,8,0.26666666666666666
8442,13595,13596,1,0.03333333333333333
8441,13586,13594,8,0.26666666666666666
8441,13604,13607,3,0.1
8448,13594,13595,1,0.03333333333333333
8448,13598,13599,1,0.03333333333333333
8448,13608,13613,5,0.16666666666666666
8382,13591,13610,19,0.6333333333333333
8382,13615,13620,5,0.16666666666666666
8382,13626,13631,5,0.16666666666666666
8382,13634,13639,5,0.16666666666666666
8382,13642,13649,7,0.23333333333333334
8382,13650,13652,2,0.06666666666666667
8382,13653,13660,7,0.23333333333333334
8382,13661,13677,16,0.5333333333333333
8382,13678,13680,2,0.06666666666666667
8382,13682,13685,3,0.1
8382,13686,13690,4,0.13333333333333333
8382,13692,13694,2,0.06666666666666667
8382,13700,13701,1,0.03333333333333333
8382,13708,13709,1,0.03333333333333333
8503,13666,13668,2,0.06666666666666667
8503,13673,13676,3,0.1
8503,13678,13680,2,0.06666666666666667
8503,13681,13686,5,0.16666666666666666
8503,13690,13693,3,0.1
8503,13694,13697,3,0.1
8503,13698,13705,7,0.23333333333333334
8503,13708,13710,2,0.06666666666666667
8503,13713,13716,3,0.1
8503,13721,13725,4,0.13333333333333333
8503,13728,13740,12,0.4
8503,13741,13742,1,0.03333333333333333
8503,13761,13770,9,0.3
8503,13772,13774,2,0.06666666666666667
8517,13676,13677,1,0.03333333333333333
8517,13678,13682,4,0.13333333333333333
8517,13684,13685,1,0.03333333333333333
8517,13686,13690,4,0.13333333333333333
8517,13693,13694,1,0.03333333333333333
8517,13698,13699,1,0.03333333333333333
8517,13702,13704,2,0.06666666666666667
8517,13709,13712,3,0.1
8517,13713,13721,8,0.26666666666666666
8495,13678,13680,2,0.06666666666666667
8495,13689,13690,1,0.03333333333333333
8495,13692,13693,1,0.03333333333333333
8495,13695,13696,1,0.03333333333333333
8495,13710,13712,2,0.06666666666666667
8506,13693,13695,2,0.06666666666666667
8506,13696,13707,11,0.36666666666666664
8544,13712,13713,1,0.03333333333333333
8544,13722,13724,2,0.06666666666666667
8544,13740,13742,2,0.06666666666666667
8544,13746,13747,1,0.03333333333333333
8544,13749,13750,1,0.03333333333333333
8544,13752,13754,2,0.06666666666666667
8544,13756,13761,5,0.16666666666666666
8544,13764,13769,5,0.16666666666666666
8544,13780,13781,1,0.03333333333333333
8544,13782,13784,2,0.06666666666666667
8544,13793,13798,5,0.16666666666666666
8544,13809,13810,1,0.03333333333333333
8544,13816,13817,1,0.03333333333333333
8544,13820,13822,2,0.06666666666666667
8541,13709,13717,8,0.26666666666666666
8541,13765,13766,1,0.03333333333333333
8541,13777,13778,1,0.03333333333333333
8541,13780,13781,1,0.03333333333333333
8541,13788,13792,4,0.13333333333333333
8541,13808,13809,1,0.03333333333333333
8541,13810,13814,4,0.13333333333333333
8557,13740,13741,1,0.03333333333333333
8574,13742,13746,4,0.13333333333333333
8574,13770,13780,10,0.3333333333333333
8574,13784,13785,1,0.03333333333333333
8574,13786,13793,7,0.23333333333333334
8580,13750,13753,3,0.1
8580,13756,13761,5,0.16666666666666666
8573,13753,13754,1,0.03333333333333333
8573,13756,13757,1,0.03333333333333333
8573,13882,13887,5,0.16666666666666666
8573,13888,13890,2,0.06666666666666667
8578,13754,13757,3,0.1
8578,13758,13759,1,0.03333333333333333
8578,13762,13766,4,0.13333333333333333
8578,13976,13983,7,0.23333333333333334
8578,13990,13993,3,0.1
8578,13995,13996,1,0.03333333333333333
8568,13755,13757,2,0.06666666666666667
8568,13758,13769,11,0.36666666666666664
8568,13774,13778,4,0.13333333333333333
8568,13784,13786,2,0.06666666666666667
8568,13788,13790,2,0.06666666666666667
8568,13793,13804,11,0.36666666666666664
8568,13808,13813,5,0.16666666666666666
8568,13816,13818,2,0.06666666666666667
8568,13823,13826,3,0.1
8568,13829,13831,2,0.06666666666666667
8588,13754,13759,5,0.16666666666666666
8588,13761,13764,3,0.1
8588,13768,13770,2,0.06666666666666667
8588,13773,13774,1,0.03333333333333333
8588,13777,13781,4,0.13333333333333333
8588,13797,13798,1,0.03333333333333333
8588,13818,13820,2,0.06666666666666667
8588,13834,13836,2,0.06666666666666667
8588,13853,13854,1,0.03333333333333333
8608,13777,13782,5,0.16666666666666666
8608,13784,13785,1,0.03333333333333333
8629,13814,13817,3,0.1
8646,13825,13826,1,0.03333333333333333
8646,13830,13831,1,0.03333333333333333
8646,13843,13845,2,0.06666666666666667
8646,13847,13849,2,0.06666666666666667
8646,13851,13854,3,0.1
8646,13878,13883,5,0.16666666666666666
8646,13899,13902,3,0.1
8646,13907,13911,4,0.13333333333333333
8646,13912,13913,1,0.03333333333333333
8646,13914,13920,6,0.2
8646,13923,13924,1,0.03333333333333333
8652,13822,13853,31,1.0333333333333334
8671,13892,13893,1,0.03333333333333333
8671,13894,13896,2,0.06666666666666667
8671,13900,13902,2,0.06666666666666667
8671,13904,13906,2,0.06666666666666667
8671,14011,14012,1,0.03333333333333333
8671,14034,14035,1,0.03333333333333333
8671,14040,14052,12,0.4
8671,14063,14064,1,0.03333333333333333
8671,14076,14078,2,0.06666666666666667
8671,14092,14094,2,0.06666666666666667
8671,14099,14102,3,0.1
8671,14103,14105,2,0.06666666666666667
8671,14126,14127,1,0.03333333333333333
8699,13900,13903,3,0.1
8695,13896,13903,7,0.23333333333333334
8695,14001,14023,22,0.7333333333333333
8695,14024,14027,3,0.1
8695,14029,14032,3,0.1
8695,14040,14043,3,0.1
8726,13946,13948,2,0.06666666666666667
8726,13955,13959,4,0.13333333333333333
8726,13972,13974,2,0.06666666666666667
8739,13982,13984,2,0.06666666666666667
8739,13993,13994,1,0.03333333333333333
8739,13995,13996,1,0.03333333333333333
8739,14001,14002,1,0.03333333333333333
8739,14006,14008,2,0.06666666666666667
8739,14010,14017,7,0.23333333333333334
8739,14039,14040,1,0.03333333333333333
8739,14055,14056,1,0.03333333333333333
8739,14057,14059,2,0.06666666666666667
8739,14063,14066,3,0.1
8739,14071,14074,3,0.1
8739,14084,14086,2,0.06666666666666667
8739,14087,14090,3,0.1
8739,14107,14108,1,0.03333333333333333
8739,14113,14114,1,0.03333333333333333
8739,14119,14122,3,0.1
8739,14126,14129,3,0.1
8739,14130,14131,1,0.03333333333333333
8739,14138,14145,7,0.23333333333333334
8739,14147,14151,4,0.13333333333333333
8739,14153,14157,4,0.13333333333333333
8739,14158,14161,3,0.1
8739,14162,14166,4,0.13333333333333333
8739,14172,14175,3,0.1
8758,14003,14007,4,0.13333333333333333
8758,14008,14011,3,0.1
8758,14012,14014,2,0.06666666666666667
8758,14015,14019,4,0.13333333333333333
8758,14022,14024,2,0.06666666666666667
8754,14007,14012,5,0.16666666666666666
8754,14022,14029,7,0.23333333333333334
8790,14043,14047,4,0.13333333333333333
8797,14045,14050,5,0.16666666666666666
8797,14056,14058,2,0.06666666666666667
8797,14165,14167,2,0.06666666666666667
8797,14181,14184,3,0.1
8797,14213,14214,1,0.03333333333333333
8797,14228,14243,15,0.5
8837,14113,14119,6,0.2
8842,14149,14150,1,0.03333333333333333
8842,14151,14181,30,1.0
8842,14186,14194,8,0.26666666666666666
8842,14196,14198,2,0.06666666666666667
8807,14139,14158,19,0.6333333333333333
8807,14163,14165,2,0.06666666666666667
8807,14167,14175,8,0.26666666666666666
8807,14184,14186,2,0.06666666666666667
8807,14187,14194,7,0.23333333333333334
8807,14196,14205,9,0.3
8807,14221,14226,5,0.16666666666666666
8807,14230,14233,3,0.1
8807,14245,14246,1,0.03333333333333333
8807,14254,14255,1,0.03333333333333333
8807,14257,14258,1,0.03333333333333333
8807,14259,14263,4,0.13333333333333333
8807,14269,14281,12,0.4
8807,14287,14297,10,0.3333333333333333
8864,14157,14163,6,0.2
8872,14169,14170,1,0.03333333333333333
8840,14181,14182,1,0.03333333333333333
8840,14211,14215,4,0.13333333333333333
8840,14224,14225,1,0.03333333333333333
8840,14227,14232,5,0.16666666666666666
8840,14251,14254,3,0.1
8840,14255,14263,8,0.26666666666666666
8840,14266,14268,2,0.06666666666666667
8840,14270,14271,1,0.03333333333333333
8840,14273,14291,18,0.6
8840,14293,14295,2,0.06666666666666667
8840,14297,14303,6,0.2
8889,14186,14187,1,0.03333333333333333
8890,14187,14190,3,0.1
8890,14194,14196,2,0.06666666666666667
8890,14199,14208,9,0.3
8890,14210,14214,4,0.13333333333333333
8890,14225,14226,1,0.03333333333333333
8890,14230,14233,3,0.1
8890,14238,14239,1,0.03333333333333333
8890,14241,14247,6,0.2
8890,14249,14251,2,0.06666666666666667
8890,14253,14256,3,0.1
8890,14257,14258,1,0.03333333333333333
8890,14261,14268,7,0.23333333333333334
8890,14271,14276,5,0.16666666666666666
8880,14182,14199,17,0.5666666666666667
8880,14206,14208,2,0.06666666666666667
8898,14203,14229,26,0.8666666666666667
8898,14230,14237,7,0.23333333333333334
8905,14238,14239,1,0.03333333333333333
8905,14254,14255,1,0.03333333333333333
8905,14259,14261,2,0.06666666666666667
8905,14267,14273,6,0.2
8905,14276,14293,17,0.5666666666666667
8905,14299,14301,2,0.06666666666666667
8905,14303,14306,3,0.1
8905,14309,14310,1,0.03333333333333333
8905,14312,14313,1,0.03333333333333333
8905,14315,14318,3,0.1
8905,14323,14324,1,0.03333333333333333
8905,14326,14328,2,0.06666666666666667
8905,14335,14338,3,0.1
8905,14339,14340,1,0.03333333333333333
8905,14354,14357,3,0.1
8905,14360,14381,21,0.7
8905,14386,14387,1,0.03333333333333333
8905,14389,14390,1,0.03333333333333333
8912,14234,14241,7,0.23333333333333334
8940,14247,14250,3,0.1
8940,14261,14262,1,0.03333333333333333
8940,14270,14271,1,0.03333333333333333
8940,14283,14285,2,0.06666666666666667
8940,14323,14326,3,0.1
8940,14366,14367,1,0.03333333333333333
8940,14369,14370,1,0.03333333333333333
8940,14373,14374,1,0.03333333333333333
8949,14257,14261,4,0.13333333333333333
8949,14263,14264,1,0.03333333333333333
8949,14266,14270,4,0.13333333333333333
9054,14359,14362,3,0.1
9054,14365,14367,2,0.06666666666666667
9054,14370,14378,8,0.26666666666666666
9054,14381,14383,2,0.06666666666666667
9054,14385,14390,5,0.16666666666666666
9054,14391,14408,17,0.5666666666666667
9054,14412,14418,6,0.2
9054,14420,14428,8,0.26666666666666666
9054,14450,14454,4,0.13333333333333333
9054,14486,14487,1,0.03333333333333333
9054,14489,14491,2,0.06666666666666667
9058,14369,14370,1,0.03333333333333333
9058,14375,14378,3,0.1
9058,14379,14389,10,0.3333333333333333
9070,14393,14398,5,0.16666666666666666
9070,14420,14422,2,0.06666666666666667
9070,14504,14506,2,0.06666666666666667
9070,14507,14509,2,0.06666666666666667
9073,14393,14398,5,0.16666666666666666
9073,14405,14411,6,0.2
9073,14414,14423,9,0.3
9073,14426,14427,1,0.03333333333333333
9089,14423,14424,1,0.03333333333333333
9089,14426,14427,1,0.03333333333333333
9089,14432,14434,2,0.06666666666666667
9089,14439,14445,6,0.2
9081,14405,14431,26,0.8666666666666667
9081,14434,14438,4,0.13333333333333333
9081,14439,14449,10,0.3333333333333333
9081,14450,14494,44,1.4666666666666666
9081,14496,14506,10,0.3333333333333333
9112,14460,14462,2,0.06666666666666667
9112,14463,14474,11,0.36666666666666664
9119,14471,14473,2,0.06666666666666667
9119,14474,14475,1,0.03333333333333333
9119,14494,14495,1,0.03333333333333333
9119,14526,14528,2,0.06666666666666667
9119,14538,14539,1,0.03333333333333333
9119,14556,14559,3,0.1
9119,14562,14567,5,0.16666666666666666
9132,14492,14499,7,0.23333333333333334
9132,14502,14503,1,0.03333333333333333
9132,14504,14507,3,0.1
9132,14508,14509,1,0.03333333333333333
9132,14530,14533,3,0.1
9132,14610,14612,2,0.06666666666666667
9160,14507,14508,1,0.03333333333333333
9160,14510,14511,1,0.03333333333333333
9160,14514,14515,1,0.03333333333333333
9160,14519,14520,1,0.03333333333333333
9160,14538,14539,1,0.03333333333333333
9148,14518,14527,9,0.3
9187,14581,14583,2,0.06666666666666667
9187,14584,14586,2,0.06666666666666667
9187,14587,14591,4,0.13333333333333333
9187,14592,14595,3,0.1
9187,14603,14604,1,0.03333333333333333
9187,14611,14615,4,0.13333333333333333
9187,14623,14624,1,0.03333333333333333
9187,14628,14629,1,0.03333333333333333
9187,14655,14656,1,0.03333333333333333
9191,14583,14591,8,0.26666666666666666
9191,14592,14595,3,0.1
9191,14596,14601,5,0.16666666666666666
9126,14588,14592,4,0.13333333333333333
9210,14615,14616,1,0.03333333333333333
9210,14617,14620,3,0.1
9210,14623,14627,4,0.13333333333333333
9210,14632,14633,1,0.03333333333333333
9197,14622,14636,14,0.4666666666666667
9200,14609,14636,27,0.9
9200,14643,14645,2,0.06666666666666667
9248,14644,14647,3,0.1
9248,14655,14661,6,0.2
9248,14663,14667,4,0.13333333333333333
9248,14669,14671,2,0.06666666666666667
9248,14675,14676,1,0.03333333333333333
9248,14682,14688,6,0.2
9240,14649,14653,4,0.13333333333333333
9240,14659,14661,2,0.06666666666666667
9240,14669,14670,1,0.03333333333333333
9240,14671,14675,4,0.13333333333333333
9240,14677,14681,4,0.13333333333333333
9255,14659,14661,2,0.06666666666666667
9255,14663,14664,1,0.03333333333333333
9255,14676,14677,1,0.03333333333333333
9255,14723,14724,1,0.03333333333333333
9255,14763,14764,1,0.03333333333333333
9255,14820,14821,1,0.03333333333333333
9266,14661,14663,2,0.06666666666666667
9266,14664,14669,5,0.16666666666666666
9185,14670,14673,3,0.1
9283,14675,14681,6,0.2
9283,14682,14685,3,0.1
9283,14686,14687,1,0.03333333333333333
9283,14689,14699,10,0.3333333333333333
9283,14700,14704,4,0.13333333333333333
9300,14708,14711,3,0.1
9300,14712,14713,1,0.03333333333333333
9300,14715,14716,1,0.03333333333333333
9300,14717,14718,1,0.03333333333333333
9300,14735,14739,4,0.13333333333333333
9300,14740,14742,2,0.06666666666666667
9300,14753,14755,2,0.06666666666666667
9292,14767,14768,1,0.03333333333333333
9356,14864,14865,1,0.03333333333333333
9356,14906,14909,3,0.1
9356,14933,14934,1,0.03333333333333333
9356,14944,14946,2,0.06666666666666667
9356,15099,15102,3,0.1
9356,15107,15109,2,0.06666666666666667
9370,14878,14881,3,0.1
9370,14886,14888,2,0.06666666666666667
9370,14962,14968,6,0.2
9386,14911,14913,2,0.06666666666666667
9386,14916,14917,1,0.03333333333333333
9386,14918,14934,16,0.5333333333333333
9386,14935,14936,1,0.03333333333333333
9386,14937,14940,3,0.1
9386,14944,14946,2,0.06666666666666667
9386,14949,14957,8,0.26666666666666666
9386,14959,14960,1,0.03333333333333333
9384,14912,14925,13,0.43333333333333335
9384,14931,14933,2,0.06666666666666667
9394,14921,14926,5,0.16666666666666666
9394,14929,14935,6,0.2
9394,14936,14946,10,0.3333333333333333
8931,14923,14926,3,0.1
8931,14979,14980,1,0.03333333333333333
8931,14981,14985,4,0.13333333333333333
8931,15051,15055,4,0.13333333333333333
8931,15058,15059,1,0.03333333333333333
8931,15064,15066,2,0.06666666666666667
8931,15067,15069,2,0.06666666666666667
8931,15230,15234,4,0.13333333333333333
8931,15409,15410,1,0.03333333333333333
8931,15421,15422,1,0.03333333333333333
8931,15432,15433,1,0.03333333333333333
8931,15434,15436,2,0.06666666666666667
8931,15608,15609,1,0.03333333333333333
8931,15717,15725,8,0.26666666666666666
8931,15729,15748,19,0.6333333333333333
9413,14949,14950,1,0.03333333333333333
9413,15027,15029,2,0.06666666666666667
9413,15039,15041,2,0.06666666666666667
9413,15049,15050,1,0.03333333333333333
9413,15074,15090,16,0.5333333333333333
9430,14970,14979,9,0.3
9427,14997,15019,22,0.7333333333333333
9427,15021,15022,1,0.03333333333333333
9427,15039,15047,8,0.26666666666666666
9427,15049,15051,2,0.06666666666666667
9427,15079,15080,1,0.03333333333333333
9427,15092,15093,1,0.03333333333333333
9427,15110,15112,2,0.06666666666666667
9427,15118,15120,2,0.06666666666666667
9452,15022,15025,3,0.1
9474,15047,15049,2,0.06666666666666667
9455,15103,15105,2,0.06666666666666667
9455,15109,15110,1,0.03333333333333333
9455,15113,15114,1,0.03333333333333333
9455,15146,15147,1,0.03333333333333333
9455,15148,15150,2,0.06666666666666667
9455,15152,15162,10,0.3333333333333333
9455,15164,15168,4,0.13333333333333333
9455,15171,15172,1,0.03333333333333333
9455,15178,15181,3,0.1
9455,15187,15188,1,0.03333333333333333
9455,15193,15194,1,0.03333333333333333
9558,15159,15160,1,0.03333333333333333
9576,15248,15255,7,0.23333333333333334
9576,15256,15261,5,0.16666666666666666
9576,15288,15289,1,0.03333333333333333
9570,15265,15267,2,0.06666666666666667
9570,15319,15321,2,0.06666666666666667
9570,15322,15325,3,0.1
9570,15326,15328,2,0.06666666666666667
9570,15329,15330,1,0.03333333333333333
9570,15344,15345,1,0.03333333333333333
9570,15347,15348,1,0.03333333333333333
9570,15350,15352,2,0.06666666666666667
9589,15285,15287,2,0.06666666666666667
9589,15293,15294,1,0.03333333333333333
9589,15308,15316,8,0.26666666666666666
9589,15317,15326,9,0.3
9602,15301,15302,1,0.03333333333333333
9602,15453,15454,1,0.03333333333333333
9602,15455,15460,5,0.16666666666666666
9617,15395,15396,1,0.03333333333333333
9617,15541,15543,2,0.06666666666666667
9617,15548,15550,2,0.06666666666666667
9632,15409,15410,1,0.03333333333333333
9638,15426,15427,1,0.03333333333333333
9638,15482,15487,5,0.16666666666666666
9637,15422,15432,10,0.3333333333333333
9637,15433,15434,1,0.03333333333333333
9652,15444,15445,1,0.03333333333333333
9652,15492,15493,1,0.03333333333333333
9707,15533,15534,1,0.03333333333333333
9707,15543,15546,3,0.1
9707,15551,15552,1,0.03333333333333333
9707,15555,15556,1,0.03333333333333333
9707,15564,15565,1,0.03333333333333333
9707,15584,15592,8,0.26666666666666666
9707,15593,15595,2,0.06666666666666667
9707,15600,15601,1,0.03333333333333333
9766,15603,15606,3,0.1
9766,15607,15609,2,0.06666666666666667
9766,15611,15625,14,0.4666666666666667
9766,15628,15630,2,0.06666666666666667
9766,15631,15648,17,0.5666666666666667
9766,15650,15652,2,0.06666666666666667
9756,15605,15609,4,0.13333333333333333
9756,15612,15613,1,0.03333333333333333
9756,15615,15618,3,0.1
9756,15621,15623,2,0.06666666666666667
9756,15640,15649,9,0.3
9756,15650,15653,3,0.1
9756,15655,15657,2,0.06666666666666667
9756,15663,15675,12,0.4
9756,15676,15687,11,0.36666666666666664
9756,15688,15707,19,0.6333333333333333
9756,15708,15709,1,0.03333333333333333
9756,15711,15727,16,0.5333333333333333
9795,15675,15677,2,0.06666666666666667
9732,15611,15717,106,3.533333333333333
9732,15725,15729,4,0.13333333333333333
9732,15748,15751,3,0.1
9732,15779,15781,2,0.06666666666666667
9732,15789,15796,7,0.23333333333333334
9732,15797,15798,1,0.03333333333333333
9732,15801,15860,59,1.9666666666666666
9732,15863,15866,3,0.1
9732,16320,16324,4,0.13333333333333333
9732,16494,16505,11,0.36666666666666664
9732,16742,16770,28,0.9333333333333333
9732,16775,16776,1,0.03333333333333333
9732,16838,16839,1,0.03333333333333333
9732,16862,16874,12,0.4
9732,16875,16876,1,0.03333333333333333
9732,16877,16878,1,0.03333333333333333
9732,16881,16910,29,0.9666666666666667
9732,16912,16919,7,0.23333333333333334
9810,15786,15788,2,0.06666666666666667
9810,15808,15809,1,0.03333333333333333
9810,15812,15815,3,0.1
9810,15820,15822,2,0.06666666666666667
9810,15825,15840,15,0.5
9810,15841,15844,3,0.1
9810,15865,15868,3,0.1
9810,15906,15907,1,0.03333333333333333
9810,15909,15910,1,0.03333333333333333
9812,15788,15789,1,0.03333333333333333
9818,15798,15800,2,0.06666666666666667
9818,15804,15805,1,0.03333333333333333
9818,15810,15815,5,0.16666666666666666
9818,15816,15823,7,0.23333333333333334
9818,15824,15828,4,0.13333333333333333
9818,15829,15837,8,0.26666666666666666
9818,15839,15840,1,0.03333333333333333
9818,15841,15848,7,0.23333333333333334
9818,15852,15853,1,0.03333333333333333
9818,15856,15857,1,0.03333333333333333
9818,15858,15859,1,0.03333333333333333
9818,15860,15863,3,0.1
9818,15867,15869,2,0.06666666666666667
9818,15870,15871,1,0.03333333333333333
9818,15876,15879,3,0.1
9818,15881,15882,1,0.03333333333333333
9825,15806,15808,2,0.06666666666666667
9825,15812,15817,5,0.16666666666666666
9836,15848,15852,4,0.13333333333333333
9836,15859,15860,1,0.03333333333333333
9836,15873,15875,2,0.06666666666666667
9836,15876,15878,2,0.06666666666666667
9836,15891,15893,2,0.06666666666666667
9836,15894,15897,3,0.1
9823,15860,15863,3,0.1
9890,15919,15922,3,0.1
9891,15914,15924,10,0.3333333333333333
9891,15927,15929,2,0.06666666666666667
9891,15943,15946,3,0.1
9891,15950,15952,2,0.06666666666666667
9891,15958,15960,2,0.06666666666666667
9891,15973,15974,1,0.03333333333333333
9897,15927,15931,4,0.13333333333333333
9897,15932,15933,1,0.03333333333333333
9897,15936,15939,3,0.1
9906,15948,15954,6,0.2
9906,15956,15965,9,0.3
9906,15970,15972,2,0.06666666666666667
9906,15974,15977,3,0.1
9906,15988,15991,3,0.1
9906,15996,15997,1,0.03333333333333333
9906,16020,16023,3,0.1
9906,16046,16047,1,0.03333333333333333
9906,16049,16052,3,0.1
9906,16067,16070,3,0.1
9906,16072,16076,4,0.13333333333333333
9906,16078,16080,2,0.06666666666666667
9917,15974,15975,1,0.03333333333333333
9943,16025,16027,2,0.06666666666666667
9943,16028,16029,1,0.03333333333333333
9943,16036,16037,1,0.03333333333333333
9943,16049,16052,3,0.1
9943,16057,16059,2,0.06666666666666667
9943,16062,16063,1,0.03333333333333333
9940,16029,16031,2,0.06666666666666667
9940,16078,16079,1,0.03333333333333333
9940,16127,16128,1,0.03333333333333333
9957,16043,16045,2,0.06666666666666667
9954,16053,16055,2,0.06666666666666667
9954,16056,16057,1,0.03333333333333333
9954,16120,16122,2,0.06666666666666667
9954,16140,16142,2,0.06666666666666667
9960,16078,16079,1,0.03333333333333333
9960,16080,16081,1,0.03333333333333333
9960,16084,16088,4,0.13333333333333333
9960,16119,16126,7,0.23333333333333334
9960,16138,16140,2,0.06666666666666667
9960,16143,16146,3,0.1
9960,16152,16153,1,0.03333333333333333
9992,16088,16091,3,0.1
9992,16100,16102,2,0.06666666666666667
10001,16103,16104,1,0.03333333333333333
10001,16107,16108,1,0.03333333333333333
10001,16110,16112,2,0.06666666666666667
10004,16105,16106,1,0.03333333333333333
10004,16107,16108,1,0.03333333333333333
10004,16110,16111,1,0.03333333333333333
10004,16114,16115,1,0.03333333333333333
10004,16117,16120,3,0.1
10004,16127,16129,2,0.06666666666666667
10004,16159,16161,2,0.06666666666666667
10004,16164,16168,4,0.13333333333333333
10004,16169,16173,4,0.13333333333333333
10004,16175,16177,2,0.06666666666666667
10004,16178,16180,2,0.06666666666666667
10004,16188,16197,9,0.3
10004,16199,16200,1,0.03333333333333333
10004,16208,16209,1,0.03333333333333333
10004,16225,16228,3,0.1
10014,16104,16107,3,0.1
10024,16131,16143,12,0.4
10024,16144,16147,3,0.1
10054,16144,16147,3,0.1
10070,16161,16164,3,0.1
10070,16168,16169,1,0.03333333333333333
10120,16228,16229,1,0.03333333333333333
10120,16289,16290,1,0.03333333333333333
10142,16281,16283,2,0.06666666666666667
10142,16284,16321,37,1.2333333333333334
10142,16347,16348,1,0.03333333333333333
10142,16363,16365,2,0.06666666666666667
10142,16367,16371,4,0.13333333333333333
10142,16372,16389,17,0.5666666666666667
10142,16391,16393,2,0.06666666666666667
10174,16320,16321,1,0.03333333333333333
10174,16335,16340,5,0.16666666666666666
10185,16321,16335,14,0.4666666666666667
10185,16340,16341,1,0.03333333333333333
10185,16352,16355,3,0.1
10191,16360,16362,2,0.06666666666666667
10191,16363,16364,1,0.03333333333333333
10191,16365,16367,2,0.06666666666666667
10191,16611,16612,1,0.03333333333333333
10205,16383,16386,3,0.1
10205,16423,16424,1,0.03333333333333333
10205,16756,16758,2,0.06666666666666667
10170,16474,16480,6,0.2
10170,16481,16483,2,0.06666666666666667
10296,16522,16524,2,0.06666666666666667
10296,16538,16540,2,0.06666666666666667
10296,16544,16545,1,0.03333333333333333
10296,16555,16557,2,0.06666666666666667
10296,16559,16560,1,0.03333333333333333
10296,16562,16564,2,0.06666666666666667
10296,16568,16572,4,0.13333333333333333
10296,16594,16610,16,0.5333333333333333
10296,16611,16615,4,0.13333333333333333
10337,16559,16560,1,0.03333333333333333
10337,16566,16567,1,0.03333333333333333
10337,16596,16597,1,0.03333333333333333
10337,16598,16601,3,0.1
10337,16603,16604,1,0.03333333333333333
10337,16605,16606,1,0.03333333333333333
10337,16607,16610,3,0.1
10337,16611,16625,14,0.4666666666666667
10337,16626,16634,8,0.26666666666666666
10337,16639,16663,24,0.8
10337,16730,16731,1,0.03333333333333333
10337,16735,16748,13,0.43333333333333335
10313,16567,16573,6,0.2
10313,16576,16590,14,0.4666666666666667
10313,16592,16593,1,0.03333333333333333
10313,16598,16609,11,0.36666666666666664
10313,16636,16638,2,0.06666666666666667
10313,16640,16642,2,0.06666666666666667
10381,16587,16589,2,0.06666666666666667
10381,16593,16594,1,0.03333333333333333
10381,16596,16618,22,0.7333333333333333
10478,16736,16740,4,0.13333333333333333
10483,16744,16747,3,0.1
10483,16752,16755,3,0.1
10483,16759,16767,8,0.26666666666666666
10483,16770,16771,1,0.03333333333333333
10504,16779,16782,3,0.1
10504,16783,16784,1,0.03333333333333333
10504,16788,16790,2,0.06666666666666667
10504,16794,16798,4,0.13333333333333333
10504,16804,16807,3,0.1
10504,16808,16811,3,0.1
10504,16815,16816,1,0.03333333333333333
10504,16819,16820,1,0.03333333333333333
10504,16829,16834,5,0.16666666666666666
10504,16835,16838,3,0.1
10455,16804,16806,2,0.06666666666666667
10455,16837,16838,1,0.03333333333333333
10455,16845,16847,2,0.06666666666666667
10455,16910,16911,1,0.03333333333333333
10455,16916,16918,2,0.06666666666666667
10455,16919,16921,2,0.06666666666666667
10455,16930,16934,4,0.13333333333333333
10455,16936,16938,2,0.06666666666666667
10455,16940,16943,3,0.1
10523,16808,16809,1,0.03333333333333333
10513,16814,16816,2,0.06666666666666667
10513,16826,16827,1,0.03333333333333333
10518,16830,16831,1,0.03333333333333333
10518,16837,16838,1,0.03333333333333333
10518,16841,16856,15,0.5
10518,16862,16863,1,0.03333333333333333
10518,16867,16870,3,0.1
10518,16878,16880,2,0.06666666666666667
10518,16881,16882,1,0.03333333333333333
10518,16894,16933,39,1.3
10518,16934,17054,120,4.0
10518,17055,17057,2,0.06666666666666667
10518,17066,17067,1,0.03333333333333333
10518,17069,17083,14,0.4666666666666667
10518,17084,17085,1,0.03333333333333333
10518,17094,17117,23,0.7666666666666667
10518,17125,17127,2,0.06666666666666667
10518,17130,17132,2,0.06666666666666667
10541,16835,16838,3,0.1
10541,16842,16845,3,0.1
10541,16865,16874,9,0.3
10541,16876,16882,6,0.2
10541,16883,16884,1,0.03333333333333333
10576,16871,16872,1,0.03333333333333333
10568,16874,16875,1,0.03333333333333333
10568,16876,16877,1,0.03333333333333333
10568,16878,16881,3,0.1
10568,16910,16912,2,0.06666666666666667
10568,16919,16947,28,0.9333333333333333
10568,16963,16968,5,0.16666666666666666
10568,16970,16971,1,0.03333333333333333
10578,16870,16877,7,0.23333333333333334
10578,16884,16885,1,0.03333333333333333
10578,16886,16896,10,0.3333333333333333
10578,16897,16908,11,0.36666666666666664
10578,16911,16912,1,0.03333333333333333
10578,16914,16926,12,0.4
10578,16930,16931,1,0.03333333333333333
10578,16933,16934,1,0.03333333333333333
10578,16936,16938,2,0.06666666666666667
10578,16942,16943,1,0.03333333333333333
10578,16946,16952,6,0.2
10549,16876,16883,7,0.23333333333333334
10554,16859,16888,29,0.9666666666666667
10554,16890,16914,24,0.8
10554,16919,16921,2,0.06666666666666667
10603,16911,16915,4,0.13333333333333333
10603,16916,16919,3,0.1
10603,16953,16954,1,0.03333333333333333
10603,16963,16964,1,0.03333333333333333
10603,16966,16967,1,0.03333333333333333
10603,16973,16974,1,0.03333333333333333
10603,16977,16979,2,0.06666666666666667
10603,16983,16987,4,0.13333333333333333
10603,16989,16990,1,0.03333333333333333
10603,16992,16993,1,0.03333333333333333
10603,16994,16995,1,0.03333333333333333
10603,17001,17002,1,0.03333333333333333
10603,17013,17014,1,0.03333333333333333
10603,17042,17044,2,0.06666666666666667
10603,17045,17046,1,0.03333333333333333
10603,17049,17054,5,0.16666666666666666
10603,17059,17060,1,0.03333333333333333
10603,17083,17084,1,0.03333333333333333
10603,17100,17102,2,0.06666666666666667
10603,17119,17120,1,0.03333333333333333
10603,17121,17122,1,0.03333333333333333
10638,16972,16973,1,0.03333333333333333
10638,16975,16976,1,0.03333333333333333
10640,16991,16992,1,0.03333333333333333
10646,17007,17008,1,0.03333333333333333
10646,17018,17024,6,0.2
10646,17027,17028,1,0.03333333333333333
10646,17030,17032,2,0.06666666666666667
10646,17039,17041,2,0.06666666666666667
10646,17042,17044,2,0.06666666666666667
10646,17047,17048,1,0.03333333333333333
10646,17049,17051,2,0.06666666666666667
10646,17053,17054,1,0.03333333333333333
10643,17000,17016,16,0.5333333333333333
10643,17020,17126,106,3.533333333333333
10657,17046,17049,3,0.1
10666,17063,17065,2,0.06666666666666667
10666,17086,17089,3,0.1
10666,17093,17096,3,0.1
10666,17097,17098,1,0.03333333333333333
10666,17106,17108,2,0.06666666666666667
10666,17136,17137,1,0.03333333333333333
10666,17150,17151,1,0.03333333333333333
10666,17157,17158,1,0.03333333333333333
10666,17169,17173,4,0.13333333333333333
10701,17096,17097,1,0.03333333333333333
10701,17098,17106,8,0.26666666666666666
10715,17119,17121,2,0.06666666666666667
10715,17126,17130,4,0.13333333333333333
10715,17139,17141,2,0.06666666666666667
10715,17142,17143,1,0.03333333333333333
10715,17158,17162,4,0.13333333333333333
10715,17166,17168,2,0.06666666666666667
10715,17172,17173,1,0.03333333333333333
10715,17177,17180,3,0.1
10691,17119,17124,5,0.16666666666666666
10729,17137,17139,2,0.06666666666666667
10729,17141,17148,7,0.23333333333333334
10729,17149,17150,1,0.03333333333333333
10767,17193,17197,4,0.13333333333333333
10767,17201,17203,2,0.06666666666666667
10767,17208,17212,4,0.13333333333333333
10767,17221,17225,4,0.13333333333333333
10767,17226,17227,1,0.03333333333333333
10767,17239,17241,2,0.06666666666666667
10767,17245,17246,1,0.03333333333333333
10767,17254,17257,3,0.1
10767,17266,17268,2,0.06666666666666667
10746,17205,17206,1,0.03333333333333333
10746,17253,17254,1,0.03333333333333333
10746,17275,17276,1,0.03333333333333333
10746,17279,17286,7,0.23333333333333334
10746,17287,17291,4,0.13333333333333333
10746,17293,17294,1,0.03333333333333333
10746,17297,17298,1,0.03333333333333333
10746,17563,17566,3,0.1
10746,17575,17576,1,0.03333333333333333
10746,17577,17597,20,0.6666666666666666
10746,17602,17603,1,0.03333333333333333
10746,17676,17679,3,0.1
10746,17728,17729,1,0.03333333333333333
10746,17772,17784,12,0.4
10746,17791,17806,15,0.5
10746,17827,17830,3,0.1
10746,17831,17837,6,0.2
10746,17928,17944,16,0.5333333333333333
10746,17947,17948,1,0.03333333333333333
10746,17952,17954,2,0.06666666666666667
10746,17976,17977,1,0.03333333333333333
10746,17978,17982,4,0.13333333333333333
10687,17230,17232,2,0.06666666666666667
10687,17342,17350,8,0.26666666666666666
10687,17352,17359,7,0.23333333333333334
10687,17362,17363,1,0.03333333333333333
10687,17366,17385,19,0.6333333333333333
10687,17386,17387,1,0.03333333333333333
10687,17393,17397,4,0.13333333333333333
10687,17398,17411,13,0.43333333333333335
10788,17253,17254,1,0.03333333333333333
10788,17275,17327,52,1.7333333333333334
10788,17362,17388,26,0.8666666666666667
10788,17390,17423,33,1.1
10788,17426,17441,15,0.5
10788,17442,17447,5,0.16666666666666666
10788,17465,17532,67,2.2333333333333334
10788,17534,17558,24,0.8
10788,17562,17664,102,3.4
10788,17667,17673,6,0.2
10788,17675,17676,1,0.03333333333333333
10788,17681,17691,10,0.3333333333333333
10788,17722,17723,1,0.03333333333333333
10788,17725,17771,46,1.5333333333333334
10788,17772,17785,13,0.43333333333333335
10788,17786,17803,17,0.5666666666666667
10788,17805,17874,69,2.3
10788,17918,17922,4,0.13333333333333333
10796,17270,17273,3,0.1
10796,17278,17281,3,0.1
10796,17286,17288,2,0.06666666666666667
10796,17290,17291,1,0.03333333333333333
10796,17293,17315,22,0.7333333333333333
10796,17317,17340,23,0.7666666666666667
10796,17341,17344,3,0.1
10827,17278,17279,1,0.03333333333333333
10827,17281,17285,4,0.13333333333333333
10827,17286,17287,1,0.03333333333333333
10841,17305,17306,1,0.03333333333333333
10841,17307,17309,2,0.06666666666666667
10841,17310,17311,1,0.03333333333333333
10841,17312,17318,6,0.2
10841,17321,17322,1,0.03333333333333333
10841,17325,17328,3,0.1
10841,17339,17347,8,0.26666666666666666
10841,17352,17371,19,0.6333333333333333
10841,17373,17410,37,1.2333333333333334
10848,17322,17334,12,0.4
10848,17335,17338,3,0.1
10848,17339,17344,5,0.16666666666666666
10848,17359,17362,3,0.1
10848,17374,17375,1,0.03333333333333333
10848,17387,17389,2,0.06666666666666667
10848,17390,17393,3,0.1
10885,17353,17354,1,0.03333333333333333
10885,17378,17379,1,0.03333333333333333
10885,17382,17383,1,0.03333333333333333
10885,17403,17409,6,0.2
10885,17411,17413,2,0.06666666666666667
10885,17414,17415,1,0.03333333333333333
10885,17417,17418,1,0.03333333333333333
10885,17423,17426,3,0.1
10885,17434,17437,3,0.1
10885,17438,17441,3,0.1
10875,17344,17379,35,1.1666666666666667
10875,17383,17387,4,0.13333333333333333
10875,17391,17405,14,0.4666666666666667
10875,17410,17415,5,0.16666666666666666
10875,17417,17418,1,0.03333333333333333
10875,17422,17425,3,0.1
10939,17397,17413,16,0.5333333333333333
10939,17414,17415,1,0.03333333333333333
10939,17418,17423,5,0.16666666666666666
10939,17432,17434,2,0.06666666666666667
10939,17455,17457,2,0.06666666666666667
10939,17470,17474,4,0.13333333333333333
10939,17478,17482,4,0.13333333333333333
10939,17487,17491,4,0.13333333333333333
10939,17494,17496,2,0.06666666666666667
10971,17421,17427,6,0.2
10971,17430,17431,1,0.03333333333333333
10971,17432,17442,10,0.3333333333333333
10971,17445,17446,1,0.03333333333333333
10971,17454,17458,4,0.13333333333333333
10964,17429,17430,1,0.03333333333333333
10964,17432,17434,2,0.06666666666666667
10964,17442,17443,1,0.03333333333333333
10964,17445,17447,2,0.06666666666666667
10964,17449,17450,1,0.03333333333333333
10964,17454,17455,1,0.03333333333333333
10964,17463,17469,6,0.2
10964,17482,17501,19,0.6333333333333333
10964,17504,17505,1,0.03333333333333333
10959,17450,17457,7,0.23333333333333334
11010,17468,17473,5,0.16666666666666666
11010,17496,17498,2,0.06666666666666667
11010,17502,17503,1,0.03333333333333333
11010,17505,17506,1,0.03333333333333333
11010,17509,17510,1,0.03333333333333333
11010,17511,17514,3,0.1
11010,17517,17520,3,0.1
11010,17527,17530,3,0.1
11010,17532,17533,1,0.03333333333333333
11010,17534,17541,7,0.23333333333333334
11018,17470,17482,12,0.4
11018,17485,17486,1,0.03333333333333333
11018,17490,17491,1,0.03333333333333333
11056,17513,17554,41,1.3666666666666667
11056,17556,17557,1,0.03333333333333333
11056,17559,17586,27,0.9
11056,17591,17592,1,0.03333333333333333
11056,17597,17610,13,0.43333333333333335
11056,17613,17646,33,1.1
11056,17647,17656,9,0.3
11056,17657,17658,1,0.03333333333333333
11056,17660,17663,3,0.1
11056,17665,17671,6,0.2
11056,17672,17685,13,0.43333333333333335
11045,17566,17575,9,0.3
11045,17576,17577,1,0.03333333333333333
11045,17597,17602,5,0.16666666666666666
11045,17603,17676,73,2.433333333333333
11076,17631,17636,5,0.16666666666666666
11076,17686,17687,1,0.03333333333333333
11076,17745,17748,3,0.1
11076,17749,17750,1,0.03333333333333333
11076,17751,17752,1,0.03333333333333333
11076,17818,17820,2,0.06666666666666667
10847,17322,17689,367,12.233333333333333
10847,17690,17743,53,1.7666666666666666
10847,17746,17809,63,2.1
10847,17813,17814,1,0.03333333333333333
11101,17690,17692,2,0.06666666666666667
11101,17717,17718,1,0.03333333333333333
11101,17720,17722,2,0.06666666666666667
11143,17718,17720,2,0.06666666666666667
11143,17722,17723,1,0.03333333333333333
11092,17719,17721,2,0.06666666666666667
11092,17726,17731,5,0.16666666666666666
11092,17733,17740,7,0.23333333333333334
11141,17725,17726,1,0.03333333333333333
11141,17753,17755,2,0.06666666666666667
11134,17748,17749,1,0.03333333333333333
11155,17736,17750,14,0.4666666666666667
11162,17745,17758,13,0.43333333333333335
11162,17759,17764,5,0.16666666666666666
11180,17772,17773,1,0.03333333333333333
11180,17789,17790,1,0.03333333333333333
11180,17812,17813,1,0.03333333333333333
11180,17814,17815,1,0.03333333333333333
11184,17784,17791,7,0.23333333333333334
11184,17806,17827,21,0.7
11229,17810,17814,4,0.13333333333333333
11229,17824,17825,1,0.03333333333333333
11229,17832,17833,1,0.03333333333333333
11229,17837,17838,1,0.03333333333333333
11229,17841,17849,8,0.26666666666666666
11229,17850,17855,5,0.16666666666666666
11229,17861,17862,1,0.03333333333333333
11229,17863,17865,2,0.06666666666666667
11229,17867,17868,1,0.03333333333333333
11209,17806,17817,11,0.36666666666666664
11209,17818,17819,1,0.03333333333333333
11209,17820,17821,1,0.03333333333333333
11209,17830,17837,7,0.23333333333333334
11209,17840,17856,16,0.5333333333333333
11209,17857,17867,10,0.3333333333333333
11209,17869,17880,11,0.36666666666666664
11209,17885,17898,13,0.43333333333333335
11209,17899,17902,3,0.1
11209,17906,17907,1,0.03333333333333333
11209,17909,17914,5,0.16666666666666666
11228,17817,17818,1,0.03333333333333333
11228,17819,17832,13,0.43333333333333335
11228,17835,17836,1,0.03333333333333333
11228,17837,17840,3,0.1
11228,17844,17845,1,0.03333333333333333
11228,17856,17857,1,0.03333333333333333
11228,17880,17895,15,0.5
11228,17897,17899,2,0.06666666666666667
11230,17821,17825,4,0.13333333333333333
11230,17826,17827,1,0.03333333333333333
11230,17829,17830,1,0.03333333333333333
11130,17875,17876,1,0.03333333333333333
11130,17879,17882,3,0.1
11130,17918,17919,1,0.03333333333333333
11130,17920,17928,8,0.26666666666666666
11269,17879,17887,8,0.26666666666666666
11269,17888,17903,15,0.5
11278,17895,17897,2,0.06666666666666667
11303,17935,17936,1,0.03333333333333333
11303,17937,17938,1,0.03333333333333333
11303,17944,17947,3,0.1
11303,17948,17952,4,0.13333333333333333
11323,17957,17960,3,0.1
11323,17966,17968,2,0.06666666666666667
11323,17970,17975,5,0.16666666666666666
11323,17984,17988,4,0.13333333333333333
11323,17990,17992,2,0.06666666666666667
11343,17968,17969,1,0.03333333333333333
11343,17970,17973,3,0.1
11348,17977,17978,1,0.03333333333333333
11332,17970,17978,8,0.26666666666666666
11332,17984,17990,6,0.2
11344,17980,17989,9,0.3
11344,17990,17993,3,0.1
11321,17990,17992,2,0.06666666666666667
