track_id,lost_frame,found_frame,gap_duration_frames,gap_duration_seconds
3,10,11,1,0.03333333333333333
3,22,23,1,0.03333333333333333
3,26,34,8,0.26666666666666666
3,38,39,1,0.03333333333333333
3,70,71,1,0.03333333333333333
10,8,12,4,0.13333333333333333
10,41,43,2,0.06666666666666667
10,44,47,3,0.1
11,8,13,5,0.16666666666666666
11,14,15,1,0.03333333333333333
11,16,23,7,0.23333333333333334
11,26,28,2,0.06666666666666667
11,43,44,1,0.03333333333333333
8,11,16,5,0.16666666666666666
8,37,39,2,0.06666666666666667
8,40,42,2,0.06666666666666667
8,196,199,3,0.1
8,241,242,1,0.03333333333333333
8,507,509,2,0.06666666666666667
8,512,516,4,0.13333333333333333
8,517,528,11,0.36666666666666664
8,540,571,31,1.0333333333333334
8,1008,1014,6,0.2
8,1016,1018,2,0.06666666666666667
8,1024,1026,2,0.06666666666666667
8,1027,1032,5,0.16666666666666666
8,1360,1361,1,0.03333333333333333
8,1437,1440,3,0.1
8,1444,1450,6,0.2
8,1457,1458,1,0.03333333333333333
8,1516,1518,2,0.06666666666666667
8,1522,1523,1,0.03333333333333333
8,1534,1536,2,0.06666666666666667
8,1538,1558,20,0.6666666666666666
8,1567,1574,7,0.23333333333333334
8,1575,1577,2,0.06666666666666667
8,1937,1939,2,0.06666666666666667
8,1940,1941,1,0.03333333333333333
8,2246,2252,6,0.2
8,2463,2466,3,0.1
8,2470,2471,1,0.03333333333333333
8,2712,2713,1,0.03333333333333333
8,2916,2918,2,0.06666666666666667
8,3069,3074,5,0.16666666666666666
8,3076,3081,5,0.16666666666666666
8,3084,3087,3,0.1
8,3196,3305,109,3.6333333333333333
8,3306,3309,3,0.1
8,3314,3317,3,0.1
8,3337,3348,11,0.36666666666666664
8,3492,3555,63,2.1
8,3588,3591,3,0.1
8,3592,3593,1,0.03333333333333333
8,3927,3934,7,0.23333333333333334
8,3935,3936,1,0.03333333333333333
8,4168,4169,1,0.03333333333333333
8,4255,4256,1,0.03333333333333333
8,4345,4347,2,0.06666666666666667
8,4353,4356,3,0.1
8,4360,4361,1,0.03333333333333333
8,4368,4369,1,0.03333333333333333
8,4370,4371,1,0.03333333333333333
8,4376,4377,1,0.03333333333333333
8,5161,5163,2,0.06666666666666667
8,5165,5167,2,0.06666666666666667
8,5169,5170,1,0.03333333333333333
8,5171,5173,2,0.06666666666666667
8,5733,5734,1,0.03333333333333333
8,5740,5741,1,0.03333333333333333
8,6291,6296,5,0.16666666666666666
8,6304,6306,2,0.06666666666666667
8,6310,6311,1,0.03333333333333333
8,6593,6594,1,0.03333333333333333
8,6924,6928,4,0.13333333333333333
8,9171,9172,1,0.03333333333333333
8,9315,9318,3,0.1
8,9320,9330,10,0.3333333333333333
8,9751,9754,3,0.1
8,9756,9762,6,0.2
8,9778,9779,1,0.03333333333333333
8,9793,9794,1,0.03333333333333333
8,9799,9804,5,0.16666666666666666
8,9815,9817,2,0.06666666666666667
8,9911,9913,2,0.06666666666666667
8,9925,9930,5,0.16666666666666666
13,16,19,3,0.1
13,44,46,2,0.06666666666666667
13,78,79,1,0.03333333333333333
13,82,86,4,0.13333333333333333
13,88,94,6,0.2
13,111,114,3,0.1
13,123,124,1,0.03333333333333333
13,164,169,5,0.16666666666666666
12,19,24,5,0.16666666666666666
12,30,31,1,0.03333333333333333
12,32,38,6,0.2
12,39,41,2,0.06666666666666667
12,51,52,1,0.03333333333333333
12,62,66,4,0.13333333333333333
9,23,26,3,0.1
9,30,38,8,0.26666666666666666
9,42,43,1,0.03333333333333333
9,54,55,1,0.03333333333333333
9,59,64,5,0.16666666666666666
9,68,79,11,0.36666666666666664
9,120,123,3,0.1
9,130,131,1,0.03333333333333333
9,158,161,3,0.1
9,162,164,2,0.06666666666666667
9,174,175,1,0.03333333333333333
9,183,191,8,0.26666666666666666
29,24,26,2,0.06666666666666667
29,30,31,1,0.03333333333333333
1,30,31,1,0.03333333333333333
32,37,38,1,0.03333333333333333
42,51,62,11,0.36666666666666664
42,63,66,3,0.1
42,83,86,3,0.1
42,87,91,4,0.13333333333333333
42,132,135,3,0.1
42,136,140,4,0.13333333333333333
42,144,147,3,0.1
42,148,154,6,0.2
42,155,156,1,0.03333333333333333
42,163,167,4,0.13333333333333333
42,168,169,1,0.03333333333333333
42,175,193,18,0.6
42,194,200,6,0.2
42,224,228,4,0.13333333333333333
4,59,70,11,0.36666666666666664
4,71,72,1,0.03333333333333333
4,82,83,1,0.03333333333333333
4,107,110,3,0.1
4,115,116,1,0.03333333333333333
4,117,118,1,0.03333333333333333
4,269,271,2,0.06666666666666667
4,276,277,1,0.03333333333333333
4,282,300,18,0.6
4,343,353,10,0.3333333333333333
4,558,572,14,0.4666666666666667
4,631,633,2,0.06666666666666667
4,634,637,3,0.1
4,638,641,3,0.1
4,1009,1030,21,0.7
4,1031,1056,25,0.8333333333333334
4,1060,1062,2,0.06666666666666667
4,1064,1067,3,0.1
4,1099,1100,1,0.03333333333333333
4,1146,1147,1,0.03333333333333333
4,1148,1150,2,0.06666666666666667
4,1287,1289,2,0.06666666666666667
4,1300,1301,1,0.03333333333333333
4,1368,1373,5,0.16666666666666666
68,90,95,5,0.16666666666666666
6,86,100,14,0.4666666666666667
6,106,111,5,0.16666666666666666
6,118,120,2,0.06666666666666667
6,127,134,7,0.23333333333333334
6,151,152,1,0.03333333333333333
6,156,158,2,0.06666666666666667
6,166,168,2,0.06666666666666667
6,178,179,1,0.03333333333333333
6,180,181,1,0.03333333333333333
6,199,201,2,0.06666666666666667
6,223,224,1,0.03333333333333333
6,226,240,14,0.4666666666666667
6,241,242,1,0.03333333333333333
6,243,276,33,1.1
6,277,279,2,0.06666666666666667
6,280,283,3,0.1
6,319,320,1,0.03333333333333333
6,322,323,1,0.03333333333333333
6,332,335,3,0.1
6,337,338,1,0.03333333333333333
6,342,343,1,0.03333333333333333
6,361,362,1,0.03333333333333333
6,366,367,1,0.03333333333333333
6,372,377,5,0.16666666666666666
6,394,395,1,0.03333333333333333
6,399,401,2,0.06666666666666667
6,404,406,2,0.06666666666666667
6,407,408,1,0.03333333333333333
6,431,439,8,0.26666666666666666
6,445,450,5,0.16666666666666666
6,481,482,1,0.03333333333333333
6,536,537,1,0.03333333333333333
6,538,544,6,0.2
6,547,548,1,0.03333333333333333
6,549,550,1,0.03333333333333333
6,552,553,1,0.03333333333333333
6,572,575,3,0.1
6,593,595,2,0.06666666666666667
6,599,602,3,0.1
6,603,608,5,0.16666666666666666
6,610,611,1,0.03333333333333333
6,613,614,1,0.03333333333333333
6,619,623,4,0.13333333333333333
6,634,638,4,0.13333333333333333
6,669,670,1,0.03333333333333333
6,684,686,2,0.06666666666666667
6,691,699,8,0.26666666666666666
6,718,722,4,0.13333333333333333
6,725,729,4,0.13333333333333333
6,730,733,3,0.1
6,734,743,9,0.3
6,745,751,6,0.2
6,755,769,14,0.4666666666666667
6,773,777,4,0.13333333333333333
6,790,793,3,0.1
6,794,795,1,0.03333333333333333
6,796,822,26,0.8666666666666667
6,823,825,2,0.06666666666666667
6,826,827,1,0.03333333333333333
6,828,840,12,0.4
6,849,850,1,0.03333333333333333
6,866,879,13,0.43333333333333335
6,880,881,1,0.03333333333333333
6,882,884,2,0.06666666666666667
6,938,945,7,0.23333333333333334
6,946,950,4,0.13333333333333333
6,951,957,6,0.2
6,970,971,1,0.03333333333333333
6,972,973,1,0.03333333333333333
6,974,975,1,0.03333333333333333
6,976,977,1,0.03333333333333333
6,985,988,3,0.1
6,991,992,1,0.03333333333333333
6,996,1002,6,0.2
6,1030,1034,4,0.13333333333333333
6,1036,1039,3,0.1
6,1058,1059,1,0.03333333333333333
6,1088,1090,2,0.06666666666666667
6,1098,1104,6,0.2
6,1109,1110,1,0.03333333333333333
6,1124,1127,3,0.1
6,1134,1141,7,0.23333333333333334
6,1158,1159,1,0.03333333333333333
6,1161,1162,1,0.03333333333333333
6,1169,1171,2,0.06666666666666667
6,1172,1174,2,0.06666666666666667
6,1186,1187,1,0.03333333333333333
6,1188,1190,2,0.06666666666666667
6,1220,1222,2,0.06666666666666667
6,1223,1225,2,0.06666666666666667
6,1227,1228,1,0.03333333333333333
6,1251,1252,1,0.03333333333333333
6,1254,1255,1,0.03333333333333333
6,1256,1261,5,0.16666666666666666
6,1263,1265,2,0.06666666666666667
6,1271,1278,7,0.23333333333333334
6,1287,1288,1,0.03333333333333333
6,1290,1291,1,0.03333333333333333
6,1292,1293,1,0.03333333333333333
6,1301,1303,2,0.06666666666666667
6,1316,1317,1,0.03333333333333333
6,1341,1351,10,0.3333333333333333
6,1360,1361,1,0.03333333333333333
6,1422,1425,3,0.1
6,1426,1434,8,0.26666666666666666
90,119,120,1,0.03333333333333333
97,128,130,2,0.06666666666666667
112,178,180,2,0.06666666666666667
112,183,186,3,0.1
130,174,184,10,0.3333333333333333
130,185,191,6,0.2
130,192,194,2,0.06666666666666667
132,222,223,1,0.03333333333333333
132,271,272,1,0.03333333333333333
132,275,276,1,0.03333333333333333
155,222,223,1,0.03333333333333333
155,224,226,2,0.06666666666666667
155,227,229,2,0.06666666666666667
159,222,223,1,0.03333333333333333
120,211,224,13,0.43333333333333335
120,225,227,2,0.06666666666666667
120,284,286,2,0.06666666666666667
120,288,300,12,0.4
120,301,362,61,2.033333333333333
120,386,388,2,0.06666666666666667
120,390,392,2,0.06666666666666667
120,403,404,1,0.03333333333333333
120,435,534,99,3.3
120,536,541,5,0.16666666666666666
120,542,565,23,0.7666666666666667
120,566,567,1,0.03333333333333333
120,571,582,11,0.36666666666666664
120,583,588,5,0.16666666666666666
120,590,598,8,0.26666666666666666
120,599,603,4,0.13333333333333333
120,605,606,1,0.03333333333333333
120,613,687,74,2.466666666666667
120,691,692,1,0.03333333333333333
120,693,697,4,0.13333333333333333
120,698,718,20,0.6666666666666666
120,721,763,42,1.4
120,766,771,5,0.16666666666666666
160,230,231,1,0.03333333333333333
160,239,245,6,0.2
172,241,246,5,0.16666666666666666
175,247,249,2,0.06666666666666667
163,244,258,14,0.4666666666666667
163,261,264,3,0.1
163,268,269,1,0.03333333333333333
163,271,277,6,0.2
163,287,289,2,0.06666666666666667
163,307,310,3,0.1
163,311,312,1,0.03333333333333333
163,354,355,1,0.03333333333333333
187,261,262,1,0.03333333333333333
187,263,273,10,0.3333333333333333
187,274,280,6,0.2
187,407,433,26,0.8666666666666667
214,292,294,2,0.06666666666666667
214,295,296,1,0.03333333333333333
214,301,306,5,0.16666666666666666
214,308,311,3,0.1
214,319,322,3,0.1
214,324,325,1,0.03333333333333333
214,327,328,1,0.03333333333333333
214,330,332,2,0.06666666666666667
204,294,298,4,0.13333333333333333
140,298,299,1,0.03333333333333333
140,326,327,1,0.03333333333333333
140,354,355,1,0.03333333333333333
243,323,344,21,0.7
268,383,386,3,0.1
268,390,392,2,0.06666666666666667
271,415,418,3,0.1
272,414,444,30,1.0
272,446,447,1,0.03333333333333333
272,456,457,1,0.03333333333333333
272,458,461,3,0.1
272,470,472,2,0.06666666666666667
272,476,485,9,0.3
272,488,500,12,0.4
272,501,516,15,0.5
272,528,529,1,0.03333333333333333
272,530,534,4,0.13333333333333333
272,536,537,1,0.03333333333333333
272,542,546,4,0.13333333333333333
272,557,558,1,0.03333333333333333
272,560,561,1,0.03333333333333333
289,464,465,1,0.03333333333333333
289,476,477,1,0.03333333333333333
313,502,506,4,0.13333333333333333
313,575,583,8,0.26666666666666666
305,502,507,5,0.16666666666666666
305,513,514,1,0.03333333333333333
305,516,517,1,0.03333333333333333
5,517,523,6,0.2
5,524,546,22,0.7333333333333333
5,548,549,1,0.03333333333333333
5,556,558,2,0.06666666666666667
265,528,529,1,0.03333333333333333
265,533,534,1,0.03333333333333333
265,536,542,6,0.2
307,581,582,1,0.03333333333333333
307,594,620,26,0.8666666666666667
295,665,666,1,0.03333333333333333
295,703,705,2,0.06666666666666667
295,765,766,1,0.03333333333333333
414,683,684,1,0.03333333333333333
421,722,725,3,0.1
444,758,761,3,0.1
444,779,784,5,0.16666666666666666
444,794,795,1,0.03333333333333333
444,874,876,2,0.06666666666666667
444,887,888,1,0.03333333333333333
444,896,898,2,0.06666666666666667
444,899,901,2,0.06666666666666667
457,800,803,3,0.1
457,807,810,3,0.1
459,813,818,5,0.16666666666666666
459,819,830,11,0.36666666666666664
330,811,821,10,0.3333333333333333
330,827,834,7,0.23333333333333334
330,838,861,23,0.7666666666666667
330,863,865,2,0.06666666666666667
330,895,898,3,0.1
464,831,832,1,0.03333333333333333
468,842,847,5,0.16666666666666666
468,848,858,10,0.3333333333333333
468,861,863,2,0.06666666666666667
488,874,877,3,0.1
495,886,887,1,0.03333333333333333
495,889,890,1,0.03333333333333333
495,894,895,1,0.03333333333333333
495,910,918,8,0.26666666666666666
495,920,922,2,0.06666666666666667
495,926,929,3,0.1
495,934,935,1,0.03333333333333333
495,937,939,2,0.06666666666666667
495,944,949,5,0.16666666666666666
495,951,954,3,0.1
495,973,974,1,0.03333333333333333
495,983,985,2,0.06666666666666667
496,886,888,2,0.06666666666666667
496,923,924,1,0.03333333333333333
525,932,934,2,0.06666666666666667
525,935,936,1,0.03333333333333333
525,946,947,1,0.03333333333333333
525,953,954,1,0.03333333333333333
525,958,959,1,0.03333333333333333
525,971,974,3,0.1
525,1026,1028,2,0.06666666666666667
525,1040,1042,2,0.06666666666666667
525,1043,1044,1,0.03333333333333333
525,1082,1084,2,0.06666666666666667
525,1100,1102,2,0.06666666666666667
517,933,935,2,0.06666666666666667
454,935,936,1,0.03333333333333333
454,938,939,1,0.03333333333333333
454,942,943,1,0.03333333333333333
454,944,946,2,0.06666666666666667
454,963,964,1,0.03333333333333333
454,983,988,5,0.16666666666666666
454,995,1000,5,0.16666666666666666
454,1001,1003,2,0.06666666666666667
571,972,973,1,0.03333333333333333
571,974,976,2,0.06666666666666667
587,995,996,1,0.03333333333333333
587,1015,1024,9,0.3
556,1000,1002,2,0.06666666666666667
581,1000,1004,4,0.13333333333333333
581,1015,1016,1,0.03333333333333333
581,1019,1020,1,0.03333333333333333
581,1021,1022,1,0.03333333333333333
581,1048,1050,2,0.06666666666666667
591,1011,1013,2,0.06666666666666667
591,1022,1034,12,0.4
591,1038,1055,17,0.5666666666666667
591,1058,1084,26,0.8666666666666667
605,1013,1014,1,0.03333333333333333
605,1087,1090,3,0.1
605,1102,1104,2,0.06666666666666667
605,1122,1129,7,0.23333333333333334
605,1134,1135,1,0.03333333333333333
605,1139,1141,2,0.06666666666666667
637,1020,1022,2,0.06666666666666667
353,1016,1024,8,0.26666666666666666
353,1446,1450,4,0.13333333333333333
353,1901,1902,1,0.03333333333333333
353,1933,1934,1,0.03333333333333333
353,3499,3502,3,0.1
353,3503,3515,12,0.4
353,3518,3522,4,0.13333333333333333
353,3526,3530,4,0.13333333333333333
353,5127,5129,2,0.06666666666666667
353,6915,6918,3,0.1
353,9922,9923,1,0.03333333333333333
660,1047,1048,1,0.03333333333333333
660,1051,1054,3,0.1
660,1060,1061,1,0.03333333333333333
660,1062,1064,2,0.06666666666666667
660,1087,1090,3,0.1
669,1047,1058,11,0.36666666666666664
675,1056,1064,8,0.26666666666666666
697,1079,1080,1,0.03333333333333333
518,1082,1083,1,0.03333333333333333
518,1223,1225,2,0.06666666666666667
695,1083,1091,8,0.26666666666666666
695,1092,1094,2,0.06666666666666667
695,1095,1101,6,0.2
695,1103,1110,7,0.23333333333333334
695,1112,1114,2,0.06666666666666667
695,1209,1217,8,0.26666666666666666
695,1232,1233,1,0.03333333333333333
687,1100,1102,2,0.06666666666666667
687,1103,1107,4,0.13333333333333333
687,1110,1112,2,0.06666666666666667
620,1114,1115,1,0.03333333333333333
620,1117,1120,3,0.1
762,1160,1161,1,0.03333333333333333
762,1163,1187,24,0.8
762,1188,1189,1,0.03333333333333333
762,1239,1240,1,0.03333333333333333
762,1365,1367,2,0.06666666666666667
762,1368,1369,1,0.03333333333333333
762,1372,1373,1,0.03333333333333333
762,1376,1378,2,0.06666666666666667
774,1171,1172,1,0.03333333333333333
781,1172,1173,1,0.03333333333333333
781,1177,1179,2,0.06666666666666667
781,1223,1228,5,0.16666666666666666
781,1229,1230,1,0.03333333333333333
781,1241,1244,3,0.1
781,1256,1259,3,0.1
781,1265,1266,1,0.03333333333333333
781,1267,1268,1,0.03333333333333333
781,1269,1271,2,0.06666666666666667
799,1221,1223,2,0.06666666666666667
799,1225,1227,2,0.06666666666666667
807,1242,1243,1,0.03333333333333333
807,1246,1247,1,0.03333333333333333
807,1251,1273,22,0.7333333333333333
807,1274,1275,1,0.03333333333333333
807,1278,1279,1,0.03333333333333333
807,1280,1327,47,1.5666666666666667
807,1329,1357,28,0.9333333333333333
807,1358,1360,2,0.06666666666666667
808,1244,1256,12,0.4
808,1257,1259,2,0.06666666666666667
808,1260,1261,1,0.03333333333333333
808,1263,1265,2,0.06666666666666667
808,1266,1267,1,0.03333333333333333
808,1480,1482,2,0.06666666666666667
821,1255,1256,1,0.03333333333333333
821,1261,1263,2,0.06666666666666667
849,1378,1381,3,0.1
2,1398,1401,3,0.1
840,1421,1422,1,0.03333333333333333
840,1425,1426,1,0.03333333333333333
840,1440,1441,1,0.03333333333333333
840,1446,1448,2,0.06666666666666667
870,1418,1428,10,0.3333333333333333
876,1428,1429,1,0.03333333333333333
876,1433,1437,4,0.13333333333333333
876,1438,1448,10,0.3333333333333333
866,1432,1433,1,0.03333333333333333
866,1444,1446,2,0.06666666666666667
888,1448,1449,1,0.03333333333333333
888,1451,1454,3,0.1
888,1512,1516,4,0.13333333333333333
888,1524,1526,2,0.06666666666666667
888,1579,1580,1,0.03333333333333333
894,1453,1454,1,0.03333333333333333
894,1484,1491,7,0.23333333333333334
894,1905,1907,2,0.06666666666666667
894,1957,1959,2,0.06666666666666667
894,2164,2173,9,0.3
911,1480,1482,2,0.06666666666666667
911,1515,1518,3,0.1
911,1556,1560,4,0.13333333333333333
911,1561,1562,1,0.03333333333333333
911,1566,1570,4,0.13333333333333333
911,1571,1573,2,0.06666666666666667
911,1579,1582,3,0.1
917,1484,1486,2,0.06666666666666667
917,1496,1499,3,0.1
891,1495,1496,1,0.03333333333333333
891,1512,1516,4,0.13333333333333333
891,1523,1531,8,0.26666666666666666
931,1494,1496,2,0.06666666666666667
931,1501,1502,1,0.03333333333333333
931,1551,1552,1,0.03333333333333333
931,1558,1559,1,0.03333333333333333
931,1579,1580,1,0.03333333333333333
931,1583,1585,2,0.06666666666666667
931,1586,1587,1,0.03333333333333333
931,1590,1602,12,0.4
931,1604,1610,6,0.2
922,1499,1500,1,0.03333333333333333
922,1501,1515,14,0.4666666666666667
922,1516,1519,3,0.1
922,1524,1530,6,0.2
922,1532,1536,4,0.13333333333333333
922,1566,1570,4,0.13333333333333333
922,1578,1579,1,0.03333333333333333
922,1589,1599,10,0.3333333333333333
922,1605,1606,1,0.03333333333333333
922,1616,1617,1,0.03333333333333333
922,1619,1624,5,0.16666666666666666
922,1628,1631,3,0.1
922,1634,1654,20,0.6666666666666666
922,1655,1666,11,0.36666666666666664
922,1672,1674,2,0.06666666666666667
922,1675,1693,18,0.6
922,1694,1695,1,0.03333333333333333
922,1698,1699,1,0.03333333333333333
922,1703,1716,13,0.43333333333333335
922,1728,1735,7,0.23333333333333334
922,1736,1737,1,0.03333333333333333
922,1739,1748,9,0.3
922,1750,1757,7,0.23333333333333334
922,1761,1762,1,0.03333333333333333
922,1763,1765,2,0.06666666666666667
922,1766,1770,4,0.13333333333333333
922,1791,1843,52,1.7333333333333334
922,1845,1859,14,0.4666666666666667
922,1873,1877,4,0.13333333333333333
922,1878,1881,3,0.1
922,1889,1892,3,0.1
922,1899,1900,1,0.03333333333333333
922,1902,1905,3,0.1
922,1908,1909,1,0.03333333333333333
922,1911,1912,1,0.03333333333333333
922,1915,1916,1,0.03333333333333333
922,1924,1925,1,0.03333333333333333
922,1927,1928,1,0.03333333333333333
922,1933,1936,3,0.1
922,1937,1940,3,0.1
922,1944,1946,2,0.06666666666666667
922,1952,1960,8,0.26666666666666666
922,1961,1971,10,0.3333333333333333
922,1973,1975,2,0.06666666666666667
922,1988,1989,1,0.03333333333333333
922,1997,1998,1,0.03333333333333333
922,2012,2015,3,0.1
922,2022,2023,1,0.03333333333333333
922,2024,2025,1,0.03333333333333333
922,2030,2068,38,1.2666666666666666
922,2071,2076,5,0.16666666666666666
922,2077,2081,4,0.13333333333333333
922,2082,2083,1,0.03333333333333333
922,2087,2090,3,0.1
922,2108,2111,3,0.1
922,2120,2121,1,0.03333333333333333
922,2128,2135,7,0.23333333333333334
922,2138,2148,10,0.3333333333333333
922,2160,2161,1,0.03333333333333333
922,2173,2183,10,0.3333333333333333
922,2188,2191,3,0.1
922,2197,2198,1,0.03333333333333333
922,2214,2216,2,0.06666666666666667
922,2220,2225,5,0.16666666666666666
922,2248,2257,9,0.3
922,2258,2261,3,0.1
922,2262,2263,1,0.03333333333333333
922,2305,2306,1,0.03333333333333333
922,2310,2314,4,0.13333333333333333
922,2316,2321,5,0.16666666666666666
922,2322,2329,7,0.23333333333333334
922,2342,2353,11,0.36666666666666664
922,2377,2382,5,0.16666666666666666
922,2384,2389,5,0.16666666666666666
922,2398,2400,2,0.06666666666666667
922,2402,2406,4,0.13333333333333333
922,2407,2412,5,0.16666666666666666
922,2413,2416,3,0.1
922,2423,2426,3,0.1
922,2427,2430,3,0.1
922,2437,2439,2,0.06666666666666667
922,2444,2448,4,0.13333333333333333
922,2453,2455,2,0.06666666666666667
922,2456,2462,6,0.2
922,2469,2476,7,0.23333333333333334
922,2501,2503,2,0.06666666666666667
922,2505,2507,2,0.06666666666666667
922,2512,2515,3,0.1
922,2541,2543,2,0.06666666666666667
922,2548,2551,3,0.1
922,2555,2560,5,0.16666666666666666
922,2562,2563,1,0.03333333333333333
922,2567,2572,5,0.16666666666666666
922,2576,2577,1,0.03333333333333333
922,2578,2579,1,0.03333333333333333
922,2582,2584,2,0.06666666666666667
922,2753,2756,3,0.1
922,2760,2761,1,0.03333333333333333
922,2777,2778,1,0.03333333333333333
922,2807,2808,1,0.03333333333333333
922,2902,2907,5,0.16666666666666666
922,2919,2921,2,0.06666666666666667
922,2930,2931,1,0.03333333333333333
922,2942,2943,1,0.03333333333333333
922,2984,2985,1,0.03333333333333333
922,2999,3022,23,0.7666666666666667
922,3061,3062,1,0.03333333333333333
922,3086,3088,2,0.06666666666666667
922,3098,3099,1,0.03333333333333333
922,3100,3102,2,0.06666666666666667
922,3103,3104,1,0.03333333333333333
922,3120,3126,6,0.2
922,3127,3138,11,0.36666666666666664
922,3142,3144,2,0.06666666666666667
922,3158,3162,4,0.13333333333333333
922,3169,3173,4,0.13333333333333333
922,3267,3269,2,0.06666666666666667
922,3277,3278,1,0.03333333333333333
922,3311,3312,1,0.03333333333333333
922,3327,3334,7,0.23333333333333334
922,3336,3344,8,0.26666666666666666
922,3370,3371,1,0.03333333333333333
922,3372,3374,2,0.06666666666666667
922,3377,3378,1,0.03333333333333333
922,3382,3384,2,0.06666666666666667
922,3386,3387,1,0.03333333333333333
922,3389,3391,2,0.06666666666666667
922,3392,3396,4,0.13333333333333333
922,3398,3409,11,0.36666666666666664
922,3411,3413,2,0.06666666666666667
922,3414,3417,3,0.1
922,3445,3449,4,0.13333333333333333
922,3457,3461,4,0.13333333333333333
922,3474,3476,2,0.06666666666666667
922,3492,3496,4,0.13333333333333333
922,3504,3507,3,0.1
922,3540,3542,2,0.06666666666666667
922,3560,3562,2,0.06666666666666667
922,3565,3568,3,0.1
922,3625,3627,2,0.06666666666666667
922,3631,3633,2,0.06666666666666667
922,3637,3638,1,0.03333333333333333
922,3658,3662,4,0.13333333333333333
922,3663,3664,1,0.03333333333333333
922,3668,3669,1,0.03333333333333333
922,3684,3685,1,0.03333333333333333
922,3687,3688,1,0.03333333333333333
922,3690,3691,1,0.03333333333333333
922,3692,3696,4,0.13333333333333333
922,3707,3709,2,0.06666666666666667
922,3711,3712,1,0.03333333333333333
922,3715,3717,2,0.06666666666666667
922,3718,3723,5,0.16666666666666666
922,3731,3735,4,0.13333333333333333
922,3736,3738,2,0.06666666666666667
922,3748,3751,3,0.1
922,3756,3768,12,0.4
922,3771,3777,6,0.2
922,3782,3784,2,0.06666666666666667
922,3786,3787,1,0.03333333333333333
922,3791,3793,2,0.06666666666666667
922,3795,3800,5,0.16666666666666666
922,3802,3805,3,0.1
922,3806,3807,1,0.03333333333333333
922,3824,3826,2,0.06666666666666667
922,3827,3831,4,0.13333333333333333
922,3838,3840,2,0.06666666666666667
922,3843,3845,2,0.06666666666666667
922,3860,3864,4,0.13333333333333333
922,3865,3867,2,0.06666666666666667
922,3871,3875,4,0.13333333333333333
922,3879,3880,1,0.03333333333333333
922,3881,3888,7,0.23333333333333334
922,3889,3891,2,0.06666666666666667
922,3902,3906,4,0.13333333333333333
922,3910,3911,1,0.03333333333333333
922,3912,3916,4,0.13333333333333333
922,3921,3925,4,0.13333333333333333
922,3931,3939,8,0.26666666666666666
922,3942,3943,1,0.03333333333333333
922,3951,3954,3,0.1
922,3962,3963,1,0.03333333333333333
922,3964,3965,1,0.03333333333333333
922,3966,3971,5,0.16666666666666666
922,3974,3975,1,0.03333333333333333
922,3988,3993,5,0.16666666666666666
922,4002,4004,2,0.06666666666666667
922,4026,4027,1,0.03333333333333333
922,4061,4062,1,0.03333333333333333
922,4087,4092,5,0.16666666666666666
922,4106,4108,2,0.06666666666666667
922,4162,4164,2,0.06666666666666667
922,4168,4171,3,0.1
922,4172,4174,2,0.06666666666666667
922,4191,4192,1,0.03333333333333333
922,4195,4199,4,0.13333333333333333
922,4202,4203,1,0.03333333333333333
922,4204,4206,2,0.06666666666666667
922,4241,4244,3,0.1
922,4250,4280,30,1.0
922,4284,4287,3,0.1
922,4294,4298,4,0.13333333333333333
922,4319,4343,24,0.8
922,4380,4385,5,0.16666666666666666
922,4428,4478,50,1.6666666666666667
922,4487,4490,3,0.1
922,4496,4497,1,0.03333333333333333
922,4506,4514,8,0.26666666666666666
922,4581,4587,6,0.2
922,4588,4603,15,0.5
922,4604,4605,1,0.03333333333333333
922,4607,4611,4,0.13333333333333333
922,4615,4616,1,0.03333333333333333
922,4619,4621,2,0.06666666666666667
922,4622,4623,1,0.03333333333333333
922,4624,4635,11,0.36666666666666664
941,1516,1518,2,0.06666666666666667
941,1536,1539,3,0.1
941,1551,1556,5,0.16666666666666666
941,1557,1559,2,0.06666666666666667
941,1560,1564,4,0.13333333333333333
941,1567,1568,1,0.03333333333333333
941,1570,1573,3,0.1
942,1518,1523,5,0.16666666666666666
942,1535,1538,3,0.1
942,1563,1564,1,0.03333333333333333
942,1566,1571,5,0.16666666666666666
940,1523,1524,1,0.03333333333333333
867,1532,1533,1,0.03333333333333333
867,1534,1536,2,0.06666666666666667
867,1540,1542,2,0.06666666666666667
867,1543,1547,4,0.13333333333333333
969,1535,1538,3,0.1
964,1531,1542,11,0.36666666666666664
981,1547,1549,2,0.06666666666666667
1052,1587,1589,2,0.06666666666666667
1052,1599,1602,3,0.1
1052,1607,1612,5,0.16666666666666666
1052,1615,1619,4,0.13333333333333333
1077,1630,1635,5,0.16666666666666666
1074,1636,1638,2,0.06666666666666667
1074,1647,1648,1,0.03333333333333333
1074,1676,1678,2,0.06666666666666667
1087,1640,1642,2,0.06666666666666667
1092,1648,1676,28,0.9333333333333333
1119,1690,1692,2,0.06666666666666667
1119,1700,1702,2,0.06666666666666667
1119,1703,1704,1,0.03333333333333333
1119,1711,1712,1,0.03333333333333333
1119,1714,1715,1,0.03333333333333333
1119,1717,1718,1,0.03333333333333333
1119,1720,1722,2,0.06666666666666667
1119,1723,1724,1,0.03333333333333333
1119,1727,1733,6,0.2
1119,1735,1741,6,0.2
1130,1699,1703,4,0.13333333333333333
1130,1704,1708,4,0.13333333333333333
1130,1719,1720,1,0.03333333333333333
1130,1723,1727,4,0.13333333333333333
1130,1734,1735,1,0.03333333333333333
1130,1740,1751,11,0.36666666666666664
1130,1768,1776,8,0.26666666666666666
1130,1784,1789,5,0.16666666666666666
1130,1798,1812,14,0.4666666666666667
1130,1844,1847,3,0.1
1130,1850,1856,6,0.2
1098,1709,1710,1,0.03333333333333333
1098,1717,1723,6,0.2
1098,1748,1751,3,0.1
1132,1703,1711,8,0.26666666666666666
1132,1718,1719,1,0.03333333333333333
1190,1771,1772,1,0.03333333333333333
1190,1776,1784,8,0.26666666666666666
1190,1789,1798,9,0.3
1180,1797,1799,2,0.06666666666666667
1180,1802,1821,19,0.6333333333333333
1180,1823,1824,1,0.03333333333333333
1205,1795,1804,9,0.3
1205,1805,1807,2,0.06666666666666667
1205,1808,1813,5,0.16666666666666666
1205,1837,1838,1,0.03333333333333333
1234,1820,1821,1,0.03333333333333333
1234,1831,1838,7,0.23333333333333334
1234,1840,1847,7,0.23333333333333334
1234,1848,1853,5,0.16666666666666666
1245,1852,1853,1,0.03333333333333333
1245,1855,1856,1,0.03333333333333333
1245,1860,1861,1,0.03333333333333333
1245,1864,1866,2,0.06666666666666667
1245,1874,1876,2,0.06666666666666667
1245,1879,1880,1,0.03333333333333333
1245,1889,1890,1,0.03333333333333333
1245,1892,1893,1,0.03333333333333333
1245,1947,1949,2,0.06666666666666667
1245,1953,1965,12,0.4
1245,1975,1993,18,0.6
1245,1994,1996,2,0.06666666666666667
1245,1997,2000,3,0.1
1245,2001,2009,8,0.26666666666666666
1245,2017,2018,1,0.03333333333333333
1245,2020,2023,3,0.1
1245,2025,2028,3,0.1
1245,2029,2034,5,0.16666666666666666
1246,1861,1864,3,0.1
1246,1869,1872,3,0.1
1246,1873,1874,1,0.03333333333333333
1246,1876,1877,1,0.03333333333333333
1246,1880,1889,9,0.3
1246,1890,1892,2,0.06666666666666667
954,1534,1883,349,11.633333333333333
954,1897,1901,4,0.13333333333333333
954,1903,1904,1,0.03333333333333333
954,1905,1909,4,0.13333333333333333
1254,1879,1885,6,0.2
1254,1887,1888,1,0.03333333333333333
1254,1889,1892,3,0.1
1254,1895,1901,6,0.2
1254,1908,1915,7,0.23333333333333334
1254,1931,1932,1,0.03333333333333333
1254,1936,1937,1,0.03333333333333333
1254,1960,1963,3,0.1
1254,1981,1982,1,0.03333333333333333
1293,1912,1915,3,0.1
1177,1932,1933,1,0.03333333333333333
1177,1935,1937,2,0.06666666666666667
1177,1945,1949,4,0.13333333333333333
1309,1934,1935,1,0.03333333333333333
1301,1952,1953,1,0.03333333333333333
1355,1989,1992,3,0.1
1355,1994,1996,2,0.06666666666666667
1219,1998,2003,5,0.16666666666666666
1219,2008,2016,8,0.26666666666666666
1343,2017,2018,1,0.03333333333333333
1364,2010,2022,12,0.4
1364,2036,2039,3,0.1
1364,2040,2045,5,0.16666666666666666
1364,2077,2078,1,0.03333333333333333
1364,2081,2083,2,0.06666666666666667
1364,2239,2241,2,0.06666666666666667
1364,2244,2246,2,0.06666666666666667
1400,2036,2039,3,0.1
1400,2040,2051,11,0.36666666666666664
1419,2048,2049,1,0.03333333333333333
1419,2054,2056,2,0.06666666666666667
1419,2059,2064,5,0.16666666666666666
1419,2065,2066,1,0.03333333333333333
1419,2068,2071,3,0.1
1419,2073,2077,4,0.13333333333333333
1419,2078,2079,1,0.03333333333333333
1419,2112,2116,4,0.13333333333333333
1419,2145,2149,4,0.13333333333333333
1370,2016,2054,38,1.2666666666666666
1370,2059,2061,2,0.06666666666666667
1370,2098,2100,2,0.06666666666666667
1424,2064,2068,4,0.13333333333333333
1424,2069,2078,9,0.3
1489,2160,2161,1,0.03333333333333333
1450,2161,2166,5,0.16666666666666666
1500,2177,2178,1,0.03333333333333333
1500,2179,2180,1,0.03333333333333333
1506,2221,2222,1,0.03333333333333333
1525,2247,2248,1,0.03333333333333333
1525,2250,2251,1,0.03333333333333333
904,2268,2281,13,0.43333333333333335
904,2307,2318,11,0.36666666666666664
904,2319,2322,3,0.1
904,2348,2349,1,0.03333333333333333
904,2352,2353,1,0.03333333333333333
904,5193,5194,1,0.03333333333333333
904,6165,6166,1,0.03333333333333333
904,7625,7627,2,0.06666666666666667
904,7628,7633,5,0.16666666666666666
904,7641,7643,2,0.06666666666666667
904,7652,7666,14,0.4666666666666667
904,7805,7806,1,0.03333333333333333
904,7813,7814,1,0.03333333333333333
904,7822,7826,4,0.13333333333333333
904,7827,7841,14,0.4666666666666667
904,7843,7853,10,0.3333333333333333
904,7854,7855,1,0.03333333333333333
904,7859,7864,5,0.16666666666666666
904,7875,7880,5,0.16666666666666666
904,7881,7890,9,0.3
904,7894,7907,13,0.43333333333333335
904,7909,7912,3,0.1
904,7914,7915,1,0.03333333333333333
904,7926,7929,3,0.1
904,7955,8008,53,1.7666666666666666
904,8027,8035,8,0.26666666666666666
904,8644,8649,5,0.16666666666666666
904,8650,8655,5,0.16666666666666666
904,8664,8667,3,0.1
904,8768,8769,1,0.03333333333333333
904,8790,8793,3,0.1
904,8794,8802,8,0.26666666666666666
904,8822,8823,1,0.03333333333333333
904,8824,8828,4,0.13333333333333333
904,8980,8981,1,0.03333333333333333
904,8982,8983,1,0.03333333333333333
904,8986,8990,4,0.13333333333333333
904,8991,8993,2,0.06666666666666667
904,9737,9738,1,0.03333333333333333
904,9741,9747,6,0.2
904,9748,9749,1,0.03333333333333333
904,9751,9752,1,0.03333333333333333
904,9753,9760,7,0.23333333333333334
904,9790,9791,1,0.03333333333333333
904,9792,9824,32,1.0666666666666667
904,9825,9830,5,0.16666666666666666
904,9866,9868,2,0.06666666666666667
904,9874,9879,5,0.16666666666666666
904,10099,10100,1,0.03333333333333333
904,10102,10106,4,0.13333333333333333
904,10107,10108,1,0.03333333333333333
904,10110,10111,1,0.03333333333333333
904,10122,10123,1,0.03333333333333333
904,10625,10626,1,0.03333333333333333
904,10629,10631,2,0.06666666666666667
904,10633,10634,1,0.03333333333333333
904,10697,10714,17,0.5666666666666667
904,10715,10717,2,0.06666666666666667
904,10719,10721,2,0.06666666666666667
904,11235,11236,1,0.03333333333333333
904,11294,11372,78,2.6
904,11373,11392,19,0.6333333333333333
904,11393,11445,52,1.7333333333333334
904,11502,11504,2,0.06666666666666667
904,11510,11514,4,0.13333333333333333
904,11519,11527,8,0.26666666666666666
904,11544,11545,1,0.03333333333333333
904,11786,11787,1,0.03333333333333333
1552,2316,2322,6,0.2
1552,2340,2341,1,0.03333333333333333
1552,2343,2344,1,0.03333333333333333
1552,2345,2346,1,0.03333333333333333
1552,2347,2349,2,0.06666666666666667
1552,2350,2356,6,0.2
1552,2364,2365,1,0.03333333333333333
1552,2369,2385,16,0.5333333333333333
1552,2386,2394,8,0.26666666666666666
1552,2403,2404,1,0.03333333333333333
1552,2405,2415,10,0.3333333333333333
1552,2416,2437,21,0.7
1552,2438,2440,2,0.06666666666666667
1552,2446,2448,2,0.06666666666666667
1552,2450,2451,1,0.03333333333333333
1562,2330,2332,2,0.06666666666666667
1562,2333,2338,5,0.16666666666666666
1562,2349,2350,1,0.03333333333333333
1562,2353,2358,5,0.16666666666666666
1562,2361,2366,5,0.16666666666666666
1501,2337,2339,2,0.06666666666666667
1501,2340,2342,2,0.06666666666666667
1501,2349,2350,1,0.03333333333333333
1501,2352,2353,1,0.03333333333333333
1501,2377,2378,1,0.03333333333333333
1570,2339,2340,1,0.03333333333333333
1571,2368,2370,2,0.06666666666666667
1571,2372,2377,5,0.16666666666666666
1571,2378,2399,21,0.7
1571,2402,2403,1,0.03333333333333333
1571,2405,2406,1,0.03333333333333333
1571,2418,2421,3,0.1
1571,2425,2426,1,0.03333333333333333
1571,2427,2429,2,0.06666666666666667
1619,2386,2390,4,0.13333333333333333
1619,2401,2436,35,1.1666666666666667
1619,2449,2511,62,2.066666666666667
1619,2512,2516,4,0.13333333333333333
1619,2518,2604,86,2.8666666666666667
1619,2607,2610,3,0.1
1619,2613,2622,9,0.3
1619,2623,2717,94,3.1333333333333333
1619,2720,2744,24,0.8
1619,2745,2766,21,0.7
1619,2767,2849,82,2.7333333333333334
1619,2850,2876,26,0.8666666666666667
1612,2399,2402,3,0.1
1612,2403,2406,3,0.1
1612,2407,2411,4,0.13333333333333333
1612,2412,2417,5,0.16666666666666666
1612,2418,2419,1,0.03333333333333333
1612,2421,2423,2,0.06666666666666667
1612,2424,2425,1,0.03333333333333333
1612,2426,2427,1,0.03333333333333333
1601,2399,2413,14,0.4666666666666667
1601,2433,2436,3,0.1
1601,2451,2453,2,0.06666666666666667
1641,2425,2426,1,0.03333333333333333
1641,2445,2447,2,0.06666666666666667
1641,2455,2457,2,0.06666666666666667
1641,2458,2460,2,0.06666666666666667
1590,2442,2443,1,0.03333333333333333
1590,2445,2446,1,0.03333333333333333
1590,2461,2462,1,0.03333333333333333
1590,2531,2533,2,0.06666666666666667
1648,2447,2448,1,0.03333333333333333
1648,2465,2466,1,0.03333333333333333
1648,2485,2489,4,0.13333333333333333
1648,2498,2499,1,0.03333333333333333
1648,2501,2502,1,0.03333333333333333
1667,2448,2462,14,0.4666666666666667
1667,2466,2473,7,0.23333333333333334
1699,2499,2503,4,0.13333333333333333
1699,2508,2510,2,0.06666666666666667
1699,2511,2543,32,1.0666666666666667
1716,2506,2507,1,0.03333333333333333
1716,2508,2511,3,0.1
1716,2512,2513,1,0.03333333333333333
1726,2506,2508,2,0.06666666666666667
1726,2511,2512,1,0.03333333333333333
1739,2542,2543,1,0.03333333333333333
1739,2545,2546,1,0.03333333333333333
1739,2547,2560,13,0.43333333333333335
1739,2561,2562,1,0.03333333333333333
1739,2563,2577,14,0.4666666666666667
1739,2580,2581,1,0.03333333333333333
1739,2582,2584,2,0.06666666666666667
1739,2590,2595,5,0.16666666666666666
1673,2535,2546,11,0.36666666666666664
1673,2562,2563,1,0.03333333333333333
1673,2564,2566,2,0.06666666666666667
1673,2595,2602,7,0.23333333333333334
1673,2608,2611,3,0.1
1673,2618,2619,1,0.03333333333333333
1673,2627,2629,2,0.06666666666666667
1673,2631,2634,3,0.1
1673,2654,2655,1,0.03333333333333333
1673,2919,2921,2,0.06666666666666667
1673,3077,3078,1,0.03333333333333333
1673,3382,3383,1,0.03333333333333333
1673,3427,3430,3,0.1
1673,3431,3438,7,0.23333333333333334
1673,3442,3445,3,0.1
1673,3448,3450,2,0.06666666666666667
1673,3468,3471,3,0.1
1673,3473,3483,10,0.3333333333333333
1673,3485,3486,1,0.03333333333333333
1673,3552,3584,32,1.0666666666666667
1673,3585,3588,3,0.1
1673,3704,3712,8,0.26666666666666666
1673,3756,3760,4,0.13333333333333333
1673,3925,3936,11,0.36666666666666664
1673,4103,4118,15,0.5
1673,4134,4135,1,0.03333333333333333
1673,4167,4178,11,0.36666666666666664
1673,4238,4243,5,0.16666666666666666
1673,4246,4247,1,0.03333333333333333
1673,4251,4252,1,0.03333333333333333
1673,4254,4261,7,0.23333333333333334
1673,4263,4266,3,0.1
1673,4267,4271,4,0.13333333333333333
1673,4272,4273,1,0.03333333333333333
1673,4275,4280,5,0.16666666666666666
1673,4299,4310,11,0.36666666666666664
1733,2524,2555,31,1.0333333333333334
1733,2559,2567,8,0.26666666666666666
1733,2569,2578,9,0.3
1733,2583,2592,9,0.3
1733,2607,2610,3,0.1
1733,2614,2623,9,0.3
1733,2624,2627,3,0.1
1789,2590,2594,4,0.13333333333333333
1789,2627,2628,1,0.03333333333333333
1789,2636,2643,7,0.23333333333333334
1789,2646,2647,1,0.03333333333333333
1789,2648,2650,2,0.06666666666666667
1789,2653,2654,1,0.03333333333333333
1789,2661,2670,9,0.3
1789,2671,2673,2,0.06666666666666667
1786,2592,2608,16,0.5333333333333333
1786,2610,2615,5,0.16666666666666666
1786,2623,2624,1,0.03333333333333333
1786,2627,2628,1,0.03333333333333333
1830,2647,2653,6,0.2
1830,2654,2661,7,0.23333333333333334
1863,2691,2692,1,0.03333333333333333
1863,2700,2703,3,0.1
1863,2704,2706,2,0.06666666666666667
1863,2759,2762,3,0.1
1863,2764,2765,1,0.03333333333333333
1863,2768,2774,6,0.2
1863,2781,2785,4,0.13333333333333333
1880,2696,2697,1,0.03333333333333333
1880,2699,2700,1,0.03333333333333333
1880,2703,2704,1,0.03333333333333333
1881,2704,2707,3,0.1
1881,2717,2719,2,0.06666666666666667
1881,2720,2723,3,0.1
1881,2728,2733,5,0.16666666666666666
1881,2738,2753,15,0.5
1881,2757,2786,29,0.9666666666666667
1881,2788,2804,16,0.5333333333333333
1881,2819,2824,5,0.16666666666666666
1881,2825,2828,3,0.1
1881,2850,2851,1,0.03333333333333333
1881,2860,2861,1,0.03333333333333333
1963,2769,2772,3,0.1
1963,2773,2774,1,0.03333333333333333
1963,2778,2781,3,0.1
1952,2776,2777,1,0.03333333333333333
1952,2778,2782,4,0.13333333333333333
1952,2784,2789,5,0.16666666666666666
2009,2821,2822,1,0.03333333333333333
2012,2841,2846,5,0.16666666666666666
2012,2847,2881,34,1.1333333333333333
2019,2890,2898,8,0.26666666666666666
2019,2901,2905,4,0.13333333333333333
2018,2899,2901,2,0.06666666666666667
2018,2925,2926,1,0.03333333333333333
2018,2941,2942,1,0.03333333333333333
2027,2938,2941,3,0.1
2027,2963,2970,7,0.23333333333333334
2027,2977,2978,1,0.03333333333333333
2027,2982,2983,1,0.03333333333333333
2063,2971,2973,2,0.06666666666666667
2053,2990,2991,1,0.03333333333333333
2053,3017,3022,5,0.16666666666666666
2053,3048,3049,1,0.03333333333333333
2053,3077,3081,4,0.13333333333333333
2078,2997,2998,1,0.03333333333333333
2081,2997,2998,1,0.03333333333333333
2081,3031,3032,1,0.03333333333333333
2081,3037,3038,1,0.03333333333333333
2081,3047,3049,2,0.06666666666666667
2081,3060,3065,5,0.16666666666666666
2081,3069,3076,7,0.23333333333333334
2081,3077,3081,4,0.13333333333333333
2081,3085,3088,3,0.1
2071,2983,3011,28,0.9333333333333333
2071,3076,3077,1,0.03333333333333333
2071,3079,3080,1,0.03333333333333333
2071,3093,3094,1,0.03333333333333333
2124,3067,3069,2,0.06666666666666667
2124,3094,3096,2,0.06666666666666667
2124,3114,3115,1,0.03333333333333333
2124,3116,3117,1,0.03333333333333333
2124,3121,3125,4,0.13333333333333333
2124,3136,3137,1,0.03333333333333333
2147,3077,3078,1,0.03333333333333333
2176,3152,3154,2,0.06666666666666667
2228,3278,3280,2,0.06666666666666667
2228,3283,3285,2,0.06666666666666667
2228,3318,3319,1,0.03333333333333333
2228,3333,3336,3,0.1
2228,3359,3360,1,0.03333333333333333
2228,3361,3369,8,0.26666666666666666
2228,3373,3375,2,0.06666666666666667
2228,3398,3401,3,0.1
2228,3403,3409,6,0.2
2228,3413,3414,1,0.03333333333333333
2228,3415,3422,7,0.23333333333333334
2228,3430,3431,1,0.03333333333333333
2228,3440,3445,5,0.16666666666666666
2228,3452,3456,4,0.13333333333333333
2228,3462,3464,2,0.06666666666666667
2251,3294,3302,8,0.26666666666666666
2251,3304,3306,2,0.06666666666666667
2251,3310,3313,3,0.1
2251,3315,3318,3,0.1
2251,3319,3325,6,0.2
2251,3329,3330,1,0.03333333333333333
2251,3402,3403,1,0.03333333333333333
2251,3407,3409,2,0.06666666666666667
2251,3410,3415,5,0.16666666666666666
2251,3416,3435,19,0.6333333333333333
2251,3438,3439,1,0.03333333333333333
2251,3440,3445,5,0.16666666666666666
2251,3450,3451,1,0.03333333333333333
2251,3456,3457,1,0.03333333333333333
2251,3469,3472,3,0.1
2251,3478,3479,1,0.03333333333333333
2251,3480,3481,1,0.03333333333333333
2251,3483,3485,2,0.06666666666666667
2251,3486,3488,2,0.06666666666666667
2251,3494,3495,1,0.03333333333333333
2251,3500,3504,4,0.13333333333333333
2251,3507,3509,2,0.06666666666666667
2251,3513,3514,1,0.03333333333333333
2251,3517,3523,6,0.2
2251,3530,3531,1,0.03333333333333333
2251,3533,3536,3,0.1
2251,3537,3542,5,0.16666666666666666
2251,3543,3545,2,0.06666666666666667
2251,3552,3553,1,0.03333333333333333
2251,3554,3555,1,0.03333333333333333
2251,3557,3559,2,0.06666666666666667
2237,3305,3306,1,0.03333333333333333
2237,3307,3315,8,0.26666666666666666
2237,3317,3328,11,0.36666666666666664
2237,3330,3336,6,0.2
2237,3345,3346,1,0.03333333333333333
2237,3347,3355,8,0.26666666666666666
2237,3357,3359,2,0.06666666666666667
2250,3323,3329,6,0.2
2250,3330,3354,24,0.8
2250,3359,3373,14,0.4666666666666667
2250,3374,3378,4,0.13333333333333333
2250,3402,3406,4,0.13333333333333333
2250,3407,3415,8,0.26666666666666666
2250,3416,3425,9,0.3
2250,3426,3427,1,0.03333333333333333
2250,3435,3436,1,0.03333333333333333
2250,3439,3442,3,0.1
2250,3443,3447,4,0.13333333333333333
2295,3380,3382,2,0.06666666666666667
2295,3386,3395,9,0.3
2295,3396,3422,26,0.8666666666666667
2295,3447,3448,1,0.03333333333333333
2295,3456,3457,1,0.03333333333333333
2295,3461,3462,1,0.03333333333333333
2295,3466,3468,2,0.06666666666666667
2307,3389,3391,2,0.06666666666666667
2307,3413,3414,1,0.03333333333333333
2307,3419,3422,3,0.1
2307,3423,3424,1,0.03333333333333333
2307,3426,3427,1,0.03333333333333333
2307,3428,3434,6,0.2
2307,3435,3439,4,0.13333333333333333
2307,3445,3448,3,0.1
2307,3452,3460,8,0.26666666666666666
2307,3468,3469,1,0.03333333333333333
2307,3471,3473,2,0.06666666666666667
2307,3474,3475,1,0.03333333333333333
2315,3399,3402,3,0.1
2315,3406,3407,1,0.03333333333333333
2350,3432,3434,2,0.06666666666666667
2350,3436,3450,14,0.4666666666666667
2374,3447,3449,2,0.06666666666666667
2376,3448,3459,11,0.36666666666666664
2376,3463,3500,37,1.2333333333333334
2376,3501,3506,5,0.16666666666666666
2376,3509,3510,1,0.03333333333333333
2411,3471,3473,2,0.06666666666666667
2411,3476,3480,4,0.13333333333333333
2411,3481,3487,6,0.2
2418,3510,3512,2,0.06666666666666667
2449,3514,3517,3,0.1
2266,3520,3521,1,0.03333333333333333
2463,3545,3547,2,0.06666666666666667
2494,3573,3575,2,0.06666666666666667
2494,3584,3585,1,0.03333333333333333
2494,3593,3595,2,0.06666666666666667
2494,3609,3611,2,0.06666666666666667
2514,3600,3601,1,0.03333333333333333
2514,3608,3609,1,0.03333333333333333
2514,3612,3613,1,0.03333333333333333
2514,3617,3619,2,0.06666666666666667
2514,3645,3648,3,0.1
2514,3650,3656,6,0.2
2514,3667,3668,1,0.03333333333333333
2514,3671,3673,2,0.06666666666666667
2514,3674,3675,1,0.03333333333333333
2514,3676,3678,2,0.06666666666666667
2514,3679,3688,9,0.3
2543,3629,3631,2,0.06666666666666667
2543,3635,3636,1,0.03333333333333333
2535,3628,3633,5,0.16666666666666666
2535,3635,3640,5,0.16666666666666666
2535,3642,3645,3,0.1
2535,3847,3848,1,0.03333333333333333
2535,3849,3850,1,0.03333333333333333
2535,3860,3876,16,0.5333333333333333
2535,3887,3891,4,0.13333333333333333
2535,3913,3915,2,0.06666666666666667
2535,3916,3927,11,0.36666666666666664
2513,3639,3640,1,0.03333333333333333
2575,3664,3666,2,0.06666666666666667
2575,3668,3675,7,0.23333333333333334
2575,3685,3686,1,0.03333333333333333
2575,3704,3705,1,0.03333333333333333
2575,3707,3708,1,0.03333333333333333
2575,3711,3715,4,0.13333333333333333
2575,3721,3723,2,0.06666666666666667
2575,3747,3748,1,0.03333333333333333
2267,3677,3678,1,0.03333333333333333
2267,3679,3686,7,0.23333333333333334
2267,3687,3729,42,1.4
2267,3731,3733,2,0.06666666666666667
2587,3678,3684,6,0.2
2587,3686,3687,1,0.03333333333333333
2587,3690,3693,3,0.1
2587,3696,3697,1,0.03333333333333333
2587,3709,3727,18,0.6
2582,3685,3693,8,0.26666666666666666
2582,3702,3703,1,0.03333333333333333
2582,3710,3711,1,0.03333333333333333
2582,3726,3727,1,0.03333333333333333
2582,3732,3734,2,0.06666666666666667
2582,3735,3736,1,0.03333333333333333
2582,3760,3762,2,0.06666666666666667
2582,3766,3787,21,0.7
2582,3799,3800,1,0.03333333333333333
2608,3702,3703,1,0.03333333333333333
2608,3710,3711,1,0.03333333333333333
2608,3737,3738,1,0.03333333333333333
2592,3695,3705,10,0.3333333333333333
2596,3743,3745,2,0.06666666666666667
2596,3747,3752,5,0.16666666666666666
2596,3757,3770,13,0.43333333333333335
2647,3759,3763,4,0.13333333333333333
2677,3810,3811,1,0.03333333333333333
2675,3803,3851,48,1.6
2699,3871,3872,1,0.03333333333333333
2699,3875,3878,3,0.1
2699,3903,3906,3,0.1
2699,3916,3918,2,0.06666666666666667
2706,3878,3880,2,0.06666666666666667
2706,3882,3886,4,0.13333333333333333
2706,3918,3919,1,0.03333333333333333
2706,3926,3927,1,0.03333333333333333
2719,3887,3890,3,0.1
2719,3891,3892,1,0.03333333333333333
2708,3944,3946,2,0.06666666666666667
2708,3984,3985,1,0.03333333333333333
2708,3992,3998,6,0.2
2708,4012,4015,3,0.1
2754,3975,3978,3,0.1
2754,4014,4016,2,0.06666666666666667
2771,3991,3996,5,0.16666666666666666
2771,4000,4003,3,0.1
2771,4014,4022,8,0.26666666666666666
2771,4032,4033,1,0.03333333333333333
2771,4034,4040,6,0.2
2771,4042,4043,1,0.03333333333333333
2771,4044,4065,21,0.7
2771,4068,4076,8,0.26666666666666666
2771,4078,4086,8,0.26666666666666666
2771,4088,4090,2,0.06666666666666667
2771,4112,4120,8,0.26666666666666666
2771,4130,4134,4,0.13333333333333333
2771,4135,4136,1,0.03333333333333333
2771,4143,4148,5,0.16666666666666666
2771,4158,4165,7,0.23333333333333334
2783,4002,4008,6,0.2
2783,4010,4020,10,0.3333333333333333
2783,4025,4026,1,0.03333333333333333
2783,4027,4028,1,0.03333333333333333
2783,4043,4046,3,0.1
2815,4034,4042,8,0.26666666666666666
2844,4070,4073,3,0.1
2844,4082,4083,1,0.03333333333333333
2844,4086,4087,1,0.03333333333333333
2844,4088,4096,8,0.26666666666666666
2844,4131,4134,3,0.1
2844,4154,4155,1,0.03333333333333333
2848,4062,4075,13,0.43333333333333335
2849,4088,4090,2,0.06666666666666667
2849,4092,4098,6,0.2
2849,4100,4102,2,0.06666666666666667
2855,4091,4102,11,0.36666666666666664
2855,4107,4108,1,0.03333333333333333
2855,4110,4111,1,0.03333333333333333
2855,4116,4117,1,0.03333333333333333
2855,4129,4131,2,0.06666666666666667
2855,4132,4134,2,0.06666666666666667
2855,4140,4145,5,0.16666666666666666
2855,4146,4148,2,0.06666666666666667
2855,4159,4162,3,0.1
2871,4132,4138,6,0.2
2871,4154,4178,24,0.8
2871,4179,4182,3,0.1
2871,4184,4186,2,0.06666666666666667
2871,4187,4188,1,0.03333333333333333
2871,4212,4216,4,0.13333333333333333
2871,4242,4254,12,0.4
2888,4142,4143,1,0.03333333333333333
2888,4223,4226,3,0.1
2888,4227,4229,2,0.06666666666666667
2888,4231,4232,1,0.03333333333333333
2888,4247,4248,1,0.03333333333333333
2888,4268,4275,7,0.23333333333333334
2902,4146,4147,1,0.03333333333333333
2902,4153,4154,1,0.03333333333333333
2902,4171,4172,1,0.03333333333333333
2902,4182,4183,1,0.03333333333333333
2902,4190,4191,1,0.03333333333333333
2902,4203,4204,1,0.03333333333333333
2902,4232,4234,2,0.06666666666666667
2915,4156,4157,1,0.03333333333333333
2943,4203,4204,1,0.03333333333333333
2964,4229,4231,2,0.06666666666666667
2960,4252,4255,3,0.1
2974,4252,4256,4,0.13333333333333333
2974,4259,4260,1,0.03333333333333333
2974,4261,4283,22,0.7333333333333333
2974,4284,4290,6,0.2
2974,4292,4296,4,0.13333333333333333
2974,4307,4312,5,0.16666666666666666
2974,4314,4318,4,0.13333333333333333
2974,4335,4345,10,0.3333333333333333
2974,4346,4347,1,0.03333333333333333
2974,4349,4351,2,0.06666666666666667
2974,4357,4361,4,0.13333333333333333
2974,4363,4369,6,0.2
2974,4380,4381,1,0.03333333333333333
2974,4384,4393,9,0.3
2974,4394,4395,1,0.03333333333333333
2974,4396,4397,1,0.03333333333333333
2974,4404,4406,2,0.06666666666666667
2983,4246,4263,17,0.5666666666666667
2983,4264,4266,2,0.06666666666666667
2983,4267,4268,1,0.03333333333333333
2983,4270,4272,2,0.06666666666666667
2961,4242,4303,61,2.033333333333333
2961,4310,4354,44,1.4666666666666666
2961,4367,4368,1,0.03333333333333333
2961,4369,4400,31,1.0333333333333334
2961,4401,4404,3,0.1
2961,4405,4544,139,4.633333333333334
2961,4548,4550,2,0.06666666666666667
3028,4322,4326,4,0.13333333333333333
3028,4340,4342,2,0.06666666666666667
3028,4343,4346,3,0.1
3028,4349,4365,16,0.5333333333333333
3028,4366,4405,39,1.3
3020,4322,4327,5,0.16666666666666666
3032,4327,4328,1,0.03333333333333333
3049,4350,4351,1,0.03333333333333333
3049,4354,4365,11,0.36666666666666664
3049,4366,4372,6,0.2
3026,4351,4354,3,0.1
3026,4357,4358,1,0.03333333333333333
3026,4360,4374,14,0.4666666666666667
3029,4358,4361,3,0.1
3029,4362,4373,11,0.36666666666666664
3029,4385,4386,1,0.03333333333333333
3029,4392,4393,1,0.03333333333333333
3029,4394,4397,3,0.1
3029,4400,4402,2,0.06666666666666667
3029,4409,4410,1,0.03333333333333333
3029,4411,4413,2,0.06666666666666667
3029,4433,4434,1,0.03333333333333333
3029,4442,4444,2,0.06666666666666667
3029,4445,4456,11,0.36666666666666664
3029,4457,4462,5,0.16666666666666666
3029,4463,4465,2,0.06666666666666667
3029,4485,4488,3,0.1
3029,4489,4493,4,0.13333333333333333
3029,4509,4514,5,0.16666666666666666
3029,4520,4525,5,0.16666666666666666
3029,4535,4541,6,0.2
3029,4543,4544,1,0.03333333333333333
3029,4545,4546,1,0.03333333333333333
3029,4549,4551,2,0.06666666666666667
3029,4557,4561,4,0.13333333333333333
3029,4571,4578,7,0.23333333333333334
3029,4664,4665,1,0.03333333333333333
3029,4737,4738,1,0.03333333333333333
3029,4741,4744,3,0.1
3016,4349,4366,17,0.5666666666666667
3016,4367,4368,1,0.03333333333333333
3095,4372,4377,5,0.16666666666666666
3095,4381,4382,1,0.03333333333333333
3095,4389,4390,1,0.03333333333333333
3095,4392,4393,1,0.03333333333333333
3095,4426,4428,2,0.06666666666666667
3095,4437,4441,4,0.13333333333333333
3095,4451,4457,6,0.2
3095,4460,4466,6,0.2
3095,4472,4476,4,0.13333333333333333
3095,4494,4496,2,0.06666666666666667
3095,4506,4507,1,0.03333333333333333
3095,4508,4530,22,0.7333333333333333
3095,4536,4544,8,0.26666666666666666
3095,4546,4567,21,0.7
3095,4568,4570,2,0.06666666666666667
3097,4382,4386,4,0.13333333333333333
3097,4502,4508,6,0.2
3074,4446,4448,2,0.06666666666666667
3074,4449,4497,48,1.6
3074,4501,4530,29,0.9666666666666667
3074,4544,4545,1,0.03333333333333333
3074,4546,4549,3,0.1
3074,4558,4560,2,0.06666666666666667
3074,4561,4562,1,0.03333333333333333
3074,4564,4565,1,0.03333333333333333
3074,4571,4575,4,0.13333333333333333
3074,4577,4578,1,0.03333333333333333
3074,4631,4632,1,0.03333333333333333
3074,4633,4656,23,0.7666666666666667
3074,4657,4658,1,0.03333333333333333
3074,4860,4869,9,0.3
3074,4914,4921,7,0.23333333333333334
3074,5005,5022,17,0.5666666666666667
3074,5023,5026,3,0.1
3074,5027,5029,2,0.06666666666666667
3074,5191,5193,2,0.06666666666666667
3074,5195,5202,7,0.23333333333333334
3074,5203,5205,2,0.06666666666666667
3151,4451,4454,3,0.1
3180,4456,4465,9,0.3
3180,4466,4475,9,0.3
3180,4476,4479,3,0.1
3180,4480,4510,30,1.0
3180,4512,4513,1,0.03333333333333333
3180,4514,4516,2,0.06666666666666667
3180,4517,4518,1,0.03333333333333333
3193,4481,4484,3,0.1
3193,4509,4516,7,0.23333333333333334
3123,4493,4494,1,0.03333333333333333
3024,4496,4497,1,0.03333333333333333
3024,4505,4506,1,0.03333333333333333
3024,4525,4535,10,0.3333333333333333
3024,4537,4538,1,0.03333333333333333
3219,4504,4506,2,0.06666666666666667
3199,4514,4516,2,0.06666666666666667
3199,4533,4535,2,0.06666666666666667
3199,4537,4538,1,0.03333333333333333
3199,4562,4564,2,0.06666666666666667
3199,4565,4567,2,0.06666666666666667
3199,4572,4573,1,0.03333333333333333
3199,4582,4583,1,0.03333333333333333
3199,4585,4586,1,0.03333333333333333
3272,4567,4570,3,0.1
3292,4596,4598,2,0.06666666666666667
3292,4603,4604,1,0.03333333333333333
3292,4605,4607,2,0.06666666666666667
3323,4629,4630,1,0.03333333333333333
3312,4620,4637,17,0.5666666666666667
3312,4644,4645,1,0.03333333333333333
3312,4647,4650,3,0.1
3312,4670,4677,7,0.23333333333333334
3317,4633,4643,10,0.3333333333333333
3317,4645,4648,3,0.1
3317,4656,4659,3,0.1
3317,4668,4670,2,0.06666666666666667
3317,4672,4673,1,0.03333333333333333
3360,4657,4658,1,0.03333333333333333
3360,4668,4673,5,0.16666666666666666
3360,4688,4694,6,0.2
3360,4696,4712,16,0.5333333333333333
3360,4723,4724,1,0.03333333333333333
3360,4726,4731,5,0.16666666666666666
3360,4733,4734,1,0.03333333333333333
3360,4735,4740,5,0.16666666666666666
3360,4741,4749,8,0.26666666666666666
3360,4752,4754,2,0.06666666666666667
3360,4760,4761,1,0.03333333333333333
3360,4788,4795,7,0.23333333333333334
3360,4797,4800,3,0.1
3360,4818,4819,1,0.03333333333333333
3360,4834,4835,1,0.03333333333333333
3360,4842,4845,3,0.1
3360,4866,4867,1,0.03333333333333333
3360,4872,4873,1,0.03333333333333333
3360,4877,4878,1,0.03333333333333333
3360,4880,4884,4,0.13333333333333333
3360,4888,4892,4,0.13333333333333333
3360,4894,4896,2,0.06666666666666667
3360,4900,4901,1,0.03333333333333333
3360,4905,4908,3,0.1
3360,4909,4910,1,0.03333333333333333
3360,4912,4913,1,0.03333333333333333
3360,4921,4922,1,0.03333333333333333
3360,4925,4927,2,0.06666666666666667
3360,4929,4933,4,0.13333333333333333
3360,4934,4941,7,0.23333333333333334
3360,4945,4946,1,0.03333333333333333
3360,4947,4949,2,0.06666666666666667
3360,4962,4963,1,0.03333333333333333
3360,4966,4970,4,0.13333333333333333
3360,4985,4988,3,0.1
3360,4995,4999,4,0.13333333333333333
3360,5000,5002,2,0.06666666666666667
3360,5041,5045,4,0.13333333333333333
3360,5082,5089,7,0.23333333333333334
3360,5125,5129,4,0.13333333333333333
3360,5130,5131,1,0.03333333333333333
3360,5141,5144,3,0.1
3360,5178,5181,3,0.1
3360,5182,5185,3,0.1
3360,5214,5215,1,0.03333333333333333
3360,5218,5219,1,0.03333333333333333
3360,5248,5256,8,0.26666666666666666
3360,5268,5271,3,0.1
3360,5411,5414,3,0.1
3360,5415,5416,1,0.03333333333333333
3360,5419,5420,1,0.03333333333333333
3360,5426,5429,3,0.1
3360,5432,5448,16,0.5333333333333333
3360,5463,5464,1,0.03333333333333333
3360,5480,5483,3,0.1
3360,5485,5486,1,0.03333333333333333
3360,5487,5492,5,0.16666666666666666
3360,5503,5506,3,0.1
3360,5507,5508,1,0.03333333333333333
3360,5509,5512,3,0.1
3360,5515,5518,3,0.1
3360,5520,5521,1,0.03333333333333333
3360,5535,5537,2,0.06666666666666667
3360,5552,5555,3,0.1
3360,5566,5570,4,0.13333333333333333
3360,5578,5582,4,0.13333333333333333
3360,5583,5585,2,0.06666666666666667
3360,5594,5597,3,0.1
3360,5600,5605,5,0.16666666666666666
3360,5608,5609,1,0.03333333333333333
3360,5610,5611,1,0.03333333333333333
3360,5652,5658,6,0.2
3360,5796,5797,1,0.03333333333333333
3360,6003,6008,5,0.16666666666666666
3360,6016,6020,4,0.13333333333333333
3360,6026,6039,13,0.43333333333333335
3360,6044,6045,1,0.03333333333333333
3360,6051,6052,1,0.03333333333333333
3360,6056,6057,1,0.03333333333333333
3360,6078,6079,1,0.03333333333333333
3360,6080,6082,2,0.06666666666666667
3360,6295,6299,4,0.13333333333333333
3360,6300,6301,1,0.03333333333333333
3360,6311,6318,7,0.23333333333333334
3360,6326,6327,1,0.03333333333333333
3360,6328,6330,2,0.06666666666666667
3360,6346,6347,1,0.03333333333333333
3360,6348,6349,1,0.03333333333333333
3360,6358,6362,4,0.13333333333333333
3360,6363,6365,2,0.06666666666666667
3360,6416,6419,3,0.1
3360,6440,6447,7,0.23333333333333334
3360,6451,6452,1,0.03333333333333333
3360,6582,6583,1,0.03333333333333333
3360,6588,6589,1,0.03333333333333333
3360,6625,6626,1,0.03333333333333333
3360,6630,6631,1,0.03333333333333333
3360,6637,6638,1,0.03333333333333333
3360,6642,6643,1,0.03333333333333333
3360,6644,6645,1,0.03333333333333333
3360,6657,6658,1,0.03333333333333333
3360,6659,6660,1,0.03333333333333333
3360,6661,6664,3,0.1
3360,6701,6702,1,0.03333333333333333
3360,6723,6726,3,0.1
3360,6751,6752,1,0.03333333333333333
3360,6815,6820,5,0.16666666666666666
3360,6838,6839,1,0.03333333333333333
3360,6844,6848,4,0.13333333333333333
3360,6852,6854,2,0.06666666666666667
3360,6855,6861,6,0.2
3360,6862,6864,2,0.06666666666666667
3360,6865,6866,1,0.03333333333333333
3360,6878,6879,1,0.03333333333333333
3360,6883,6885,2,0.06666666666666667
3360,6887,6895,8,0.26666666666666666
3360,6899,6903,4,0.13333333333333333
3360,6915,6922,7,0.23333333333333334
3360,6925,6927,2,0.06666666666666667
3360,6948,6952,4,0.13333333333333333
3360,6967,7001,34,1.1333333333333333
3360,7013,7015,2,0.06666666666666667
3360,7018,7027,9,0.3
3360,7028,7045,17,0.5666666666666667
3360,7049,7050,1,0.03333333333333333
3360,7051,7052,1,0.03333333333333333
3360,7054,7062,8,0.26666666666666666
3360,7063,7068,5,0.16666666666666666
3360,7069,7076,7,0.23333333333333334
3360,7081,7086,5,0.16666666666666666
3360,7093,7097,4,0.13333333333333333
3360,7101,7105,4,0.13333333333333333
3360,7107,7112,5,0.16666666666666666
3360,7114,7117,3,0.1
3360,7127,7134,7,0.23333333333333334
3360,7140,7147,7,0.23333333333333334
3360,7149,7150,1,0.03333333333333333
3360,7151,7154,3,0.1
3360,7165,7167,2,0.06666666666666667
3360,7169,7175,6,0.2
3360,7193,7194,1,0.03333333333333333
3360,7226,7230,4,0.13333333333333333
3360,7233,7244,11,0.36666666666666664
3360,7282,7284,2,0.06666666666666667
3360,7294,7296,2,0.06666666666666667
3360,7301,7304,3,0.1
3360,7324,7325,1,0.03333333333333333
3360,7403,7404,1,0.03333333333333333
3360,7406,7408,2,0.06666666666666667
3360,7410,7411,1,0.03333333333333333
3360,7455,7456,1,0.03333333333333333
3360,7460,7467,7,0.23333333333333334
3360,7484,7489,5,0.16666666666666666
3360,7491,7513,22,0.7333333333333333
3360,7514,7517,3,0.1
3360,7518,7519,1,0.03333333333333333
3360,7520,7524,4,0.13333333333333333
3360,7534,7540,6,0.2
3360,7545,7546,1,0.03333333333333333
3360,7548,7549,1,0.03333333333333333
3360,7576,7587,11,0.36666666666666664
3360,7588,7625,37,1.2333333333333334
3360,7629,7637,8,0.26666666666666666
3360,7662,7663,1,0.03333333333333333
3360,7672,7688,16,0.5333333333333333
3360,7693,7708,15,0.5
3360,7710,7712,2,0.06666666666666667
3360,7714,7716,2,0.06666666666666667
3360,7722,7749,27,0.9
3360,7750,7751,1,0.03333333333333333
3360,7770,7772,2,0.06666666666666667
3360,7779,7784,5,0.16666666666666666
3360,7786,7788,2,0.06666666666666667
3360,7789,7793,4,0.13333333333333333
3360,7805,7806,1,0.03333333333333333
3360,7807,7810,3,0.1
3360,7823,7826,3,0.1
3360,7830,7831,1,0.03333333333333333
3360,7832,7835,3,0.1
3360,7852,7854,2,0.06666666666666667
3360,7861,7877,16,0.5333333333333333
3360,7879,7880,1,0.03333333333333333
3360,7885,7887,2,0.06666666666666667
3360,7889,7890,1,0.03333333333333333
3360,7895,7897,2,0.06666666666666667
3360,7898,7902,4,0.13333333333333333
3360,7909,7911,2,0.06666666666666667
3360,8140,8142,2,0.06666666666666667
3360,8143,8144,1,0.03333333333333333
3360,8160,8162,2,0.06666666666666667
3360,8164,8166,2,0.06666666666666667
3360,8188,8190,2,0.06666666666666667
3360,8191,8194,3,0.1
3360,8196,8203,7,0.23333333333333334
3360,8204,8212,8,0.26666666666666666
3360,8219,8236,17,0.5666666666666667
3360,8245,8253,8,0.26666666666666666
3360,8264,8270,6,0.2
3360,8275,8279,4,0.13333333333333333
3360,8280,8290,10,0.3333333333333333
3360,8355,8356,1,0.03333333333333333
3360,8361,8363,2,0.06666666666666667
3360,8370,8375,5,0.16666666666666666
3360,8379,8383,4,0.13333333333333333
3360,8384,8385,1,0.03333333333333333
3360,8386,8401,15,0.5
3360,8544,8548,4,0.13333333333333333
3360,8550,8554,4,0.13333333333333333
3360,8555,8556,1,0.03333333333333333
3360,8562,8566,4,0.13333333333333333
3360,8571,8579,8,0.26666666666666666
3360,8584,8588,4,0.13333333333333333
3360,8693,8698,5,0.16666666666666666
3360,8701,8709,8,0.26666666666666666
3360,8712,8716,4,0.13333333333333333
3360,8718,8721,3,0.1
3360,8729,8730,1,0.03333333333333333
3360,8734,8738,4,0.13333333333333333
3360,8743,8745,2,0.06666666666666667
3360,8873,8902,29,0.9666666666666667
3360,8903,8908,5,0.16666666666666666
3360,8909,8923,14,0.4666666666666667
3360,8926,8927,1,0.03333333333333333
3360,8947,8955,8,0.26666666666666666
3360,8958,8959,1,0.03333333333333333
3360,8960,8962,2,0.06666666666666667
3360,9195,9200,5,0.16666666666666666
3360,9201,9204,3,0.1
3360,9211,9212,1,0.03333333333333333
3360,9220,9223,3,0.1
3360,9355,9356,1,0.03333333333333333
3360,9358,9368,10,0.3333333333333333
3360,9371,9375,4,0.13333333333333333
3360,9378,9380,2,0.06666666666666667
3360,9431,9443,12,0.4
3360,9444,9462,18,0.6
3360,9463,9467,4,0.13333333333333333
3360,9468,9488,20,0.6666666666666666
3360,9500,9503,3,0.1
3360,9510,9512,2,0.06666666666666667
3360,9514,9515,1,0.03333333333333333
3360,9518,9519,1,0.03333333333333333
3360,9576,9610,34,1.1333333333333333
3360,9641,9643,2,0.06666666666666667
3360,9644,9660,16,0.5333333333333333
3360,9661,9663,2,0.06666666666666667
3360,9672,9673,1,0.03333333333333333
3360,9675,9677,2,0.06666666666666667
3360,9679,9696,17,0.5666666666666667
3360,9697,9699,2,0.06666666666666667
3360,9704,9706,2,0.06666666666666667
3360,9728,9730,2,0.06666666666666667
3360,9732,9733,1,0.03333333333333333
3360,9890,9892,2,0.06666666666666667
3360,9894,9911,17,0.5666666666666667
3360,9912,9916,4,0.13333333333333333
3360,9951,9952,1,0.03333333333333333
3360,10047,10053,6,0.2
3360,10063,10066,3,0.1
3360,10156,10184,28,0.9333333333333333
3360,10186,10203,17,0.5666666666666667
3360,10236,10240,4,0.13333333333333333
3360,10251,10283,32,1.0666666666666667
3360,10284,10285,1,0.03333333333333333
3360,10299,10303,4,0.13333333333333333
3360,10304,10324,20,0.6666666666666666
3360,10325,10328,3,0.1
3360,10331,10332,1,0.03333333333333333
3360,10337,10339,2,0.06666666666666667
3360,10344,10358,14,0.4666666666666667
3360,10368,10369,1,0.03333333333333333
3360,10373,10374,1,0.03333333333333333
3360,10375,10394,19,0.6333333333333333
3360,10413,10423,10,0.3333333333333333
3360,10425,10426,1,0.03333333333333333
3360,10444,10456,12,0.4
3360,10483,10494,11,0.36666666666666664
3360,10498,10501,3,0.1
3360,10505,10506,1,0.03333333333333333
3360,10518,10532,14,0.4666666666666667
3360,10545,10548,3,0.1
3360,10689,10693,4,0.13333333333333333
3360,10694,10697,3,0.1
3360,10698,10702,4,0.13333333333333333
3360,10798,10799,1,0.03333333333333333
3360,10802,10803,1,0.03333333333333333
3360,10822,10823,1,0.03333333333333333
3360,10831,10845,14,0.4666666666666667
3360,10943,10945,2,0.06666666666666667
3360,10946,10951,5,0.16666666666666666
3360,10954,10957,3,0.1
3360,11050,11054,4,0.13333333333333333
3360,11056,11064,8,0.26666666666666666
3360,11072,11077,5,0.16666666666666666
3360,11087,11088,1,0.03333333333333333
3360,11147,11148,1,0.03333333333333333
3360,11151,11162,11,0.36666666666666664
3360,11172,11191,19,0.6333333333333333
3360,11192,11195,3,0.1
3360,11207,11214,7,0.23333333333333334
3360,11224,11226,2,0.06666666666666667
3360,11227,11228,1,0.03333333333333333
3360,11282,11284,2,0.06666666666666667
3360,11662,11663,1,0.03333333333333333
3360,11665,11668,3,0.1
3360,11669,11670,1,0.03333333333333333
3360,11697,11698,1,0.03333333333333333
3360,11700,11705,5,0.16666666666666666
3360,11786,11790,4,0.13333333333333333
3365,4657,4658,1,0.03333333333333333
3370,4668,4670,2,0.06666666666666667
3370,4677,4679,2,0.06666666666666667
3376,4679,4680,1,0.03333333333333333
3382,4680,4681,1,0.03333333333333333
3382,4684,4688,4,0.13333333333333333
3382,4701,4708,7,0.23333333333333334
3405,4703,4705,2,0.06666666666666667
3405,4718,4720,2,0.06666666666666667
3390,4703,4722,19,0.6333333333333333
3390,4726,4729,3,0.1
3390,4738,4741,3,0.1
3351,4711,4734,23,0.7666666666666667
3351,4929,4930,1,0.03333333333333333
3351,5029,5059,30,1.0
3351,5060,5062,2,0.06666666666666667
3351,5063,5064,1,0.03333333333333333
3351,5143,5153,10,0.3333333333333333
3447,4746,4748,2,0.06666666666666667
3447,4750,4753,3,0.1
3447,4760,4761,1,0.03333333333333333
3430,4729,4751,22,0.7333333333333333
3430,4753,4761,8,0.26666666666666666
3430,4762,4776,14,0.4666666666666667
3430,4778,4789,11,0.36666666666666664
3430,4795,4805,10,0.3333333333333333
3430,4809,4825,16,0.5333333333333333
3430,4826,4828,2,0.06666666666666667
3430,4829,4874,45,1.5
3430,4876,4880,4,0.13333333333333333
3428,4753,4756,3,0.1
3349,4771,4773,2,0.06666666666666667
3349,4775,4777,2,0.06666666666666667
3349,4778,4821,43,1.4333333333333333
3349,4830,4836,6,0.2
3349,4840,4905,65,2.1666666666666665
3349,4912,4916,4,0.13333333333333333
3349,4930,4933,3,0.1
3349,4939,4951,12,0.4
3490,4790,4792,2,0.06666666666666667
3490,4795,4801,6,0.2
3490,4814,4817,3,0.1
3492,4790,4793,3,0.1
3492,4801,4810,9,0.3
3491,4793,4795,2,0.06666666666666667
3491,4796,4805,9,0.3
3491,4814,4816,2,0.06666666666666667
3491,4817,4832,15,0.5
3491,4844,4860,16,0.5333333333333333
3517,4830,4833,3,0.1
3517,4837,4845,8,0.26666666666666666
3517,4846,4848,2,0.06666666666666667
3517,4855,4856,1,0.03333333333333333
3511,4828,4837,9,0.3
3511,4853,4858,5,0.16666666666666666
3511,4860,4865,5,0.16666666666666666
3533,4840,4862,22,0.7333333333333333
3533,4864,4870,6,0.2
3533,4872,4873,1,0.03333333333333333
3558,4884,4889,5,0.16666666666666666
3575,4927,4930,3,0.1
3203,4997,4998,1,0.03333333333333333
3592,5046,5048,2,0.06666666666666667
3583,5073,5074,1,0.03333333333333333
3583,5079,5080,1,0.03333333333333333
3583,5082,5083,1,0.03333333333333333
3631,5083,5085,2,0.06666666666666667
3616,5094,5097,3,0.1
3616,5133,5134,1,0.03333333333333333
3616,5154,5156,2,0.06666666666666667
3658,5109,5110,1,0.03333333333333333
3658,5135,5136,1,0.03333333333333333
3658,5145,5146,1,0.03333333333333333
3658,5167,5169,2,0.06666666666666667
3658,5199,5202,3,0.1
3658,5235,5236,1,0.03333333333333333
3658,5238,5239,1,0.03333333333333333
3633,5112,5113,1,0.03333333333333333
3633,5135,5138,3,0.1
3633,5139,5145,6,0.2
3633,5146,5148,2,0.06666666666666667
3633,5149,5151,2,0.06666666666666667
3642,5123,5129,6,0.2
3686,5135,5137,2,0.06666666666666667
3686,5142,5144,2,0.06666666666666667
3686,5145,5146,1,0.03333333333333333
3686,5148,5150,2,0.06666666666666667
3686,5153,5154,1,0.03333333333333333
3683,5135,5137,2,0.06666666666666667
3683,5193,5195,2,0.06666666666666667
3683,5202,5203,1,0.03333333333333333
3683,5208,5210,2,0.06666666666666667
3683,5213,5221,8,0.26666666666666666
3683,5222,5232,10,0.3333333333333333
3683,5244,5252,8,0.26666666666666666
3683,5255,5258,3,0.1
3683,5259,5262,3,0.1
3683,5274,5278,4,0.13333333333333333
3694,5137,5139,2,0.06666666666666667
3694,5141,5143,2,0.06666666666666667
3694,5144,5145,1,0.03333333333333333
3694,5146,5151,5,0.16666666666666666
3694,5152,5158,6,0.2
3694,5171,5173,2,0.06666666666666667
3694,5193,5199,6,0.2
3694,5206,5218,12,0.4
3694,5226,5231,5,0.16666666666666666
3694,5233,5240,7,0.23333333333333334
3625,5145,5146,1,0.03333333333333333
3625,5156,5157,1,0.03333333333333333
3625,5172,5173,1,0.03333333333333333
3625,5187,5188,1,0.03333333333333333
3625,5234,5236,2,0.06666666666666667
3625,5251,5254,3,0.1
3625,5255,5256,1,0.03333333333333333
3625,5258,5263,5,0.16666666666666666
3625,5264,5266,2,0.06666666666666667
3682,5146,5147,1,0.03333333333333333
3703,5143,5148,5,0.16666666666666666
3703,5149,5152,3,0.1
3703,5158,5171,13,0.43333333333333335
3704,5151,5156,5,0.16666666666666666
3704,5157,5161,4,0.13333333333333333
3704,5165,5166,1,0.03333333333333333
3726,5165,5167,2,0.06666666666666667
3726,5170,5171,1,0.03333333333333333
3749,5181,5182,1,0.03333333333333333
3749,5185,5186,1,0.03333333333333333
3654,5163,5205,42,1.4
3654,5206,5211,5,0.16666666666666666
3654,5213,5215,2,0.06666666666666667
3654,5220,5259,39,1.3
3654,5262,5268,6,0.2
3654,5270,5274,4,0.13333333333333333
3654,5282,5294,12,0.4
3724,5205,5206,1,0.03333333333333333
3724,5240,5242,2,0.06666666666666667
3608,5206,5207,1,0.03333333333333333
3778,5205,5208,3,0.1
3772,5236,5240,4,0.13333333333333333
3772,5245,5246,1,0.03333333333333333
3772,5247,5251,4,0.13333333333333333
3772,5254,5255,1,0.03333333333333333
3772,5259,5260,1,0.03333333333333333
3772,5280,5282,2,0.06666666666666667
3772,5325,5326,1,0.03333333333333333
3772,5327,5328,1,0.03333333333333333
3772,5340,5347,7,0.23333333333333334
3772,5348,5351,3,0.1
3772,5363,5364,1,0.03333333333333333
3772,5371,5442,71,2.3666666666666667
3772,5443,5569,126,4.2
3772,5581,5618,37,1.2333333333333334
3772,5625,5637,12,0.4
3772,5640,5642,2,0.06666666666666667
3772,5643,5645,2,0.06666666666666667
3772,5647,5648,1,0.03333333333333333
3772,5654,5660,6,0.2
3772,5662,5663,1,0.03333333333333333
3772,5664,5669,5,0.16666666666666666
3772,5670,5683,13,0.43333333333333335
3772,5684,5689,5,0.16666666666666666
3772,5710,5714,4,0.13333333333333333
3772,5737,5748,11,0.36666666666666664
3772,5750,5753,3,0.1
3772,5754,5758,4,0.13333333333333333
3772,5765,5777,12,0.4
3772,5798,5799,1,0.03333333333333333
3772,5801,5802,1,0.03333333333333333
3772,5879,5883,4,0.13333333333333333
3772,5885,5888,3,0.1
3772,5890,5891,1,0.03333333333333333
3772,5917,5918,1,0.03333333333333333
3772,5919,5929,10,0.3333333333333333
3772,5953,5959,6,0.2
3772,5960,5962,2,0.06666666666666667
3772,5968,5970,2,0.06666666666666667
3772,5972,5982,10,0.3333333333333333
3772,5986,5987,1,0.03333333333333333
3772,5996,5998,2,0.06666666666666667
3772,6012,6014,2,0.06666666666666667
3772,6015,6016,1,0.03333333333333333
3772,6043,6047,4,0.13333333333333333
3772,6048,6049,1,0.03333333333333333
3772,6060,6061,1,0.03333333333333333
3772,6062,6063,1,0.03333333333333333
3772,6078,6079,1,0.03333333333333333
3772,6080,6081,1,0.03333333333333333
3772,6082,6084,2,0.06666666666666667
3772,6085,6086,1,0.03333333333333333
3772,6088,6113,25,0.8333333333333334
3772,6115,6127,12,0.4
3772,6134,6135,1,0.03333333333333333
3772,6179,6181,2,0.06666666666666667
3772,6202,6207,5,0.16666666666666666
3772,6254,6257,3,0.1
3772,6280,6304,24,0.8
3772,6327,6348,21,0.7
3772,6413,6414,1,0.03333333333333333
3772,6418,6421,3,0.1
3772,6423,6435,12,0.4
3772,6478,6479,1,0.03333333333333333
3772,6480,6481,1,0.03333333333333333
3772,6483,6485,2,0.06666666666666667
3772,6487,6503,16,0.5333333333333333
3772,6504,6505,1,0.03333333333333333
3803,5310,5311,1,0.03333333333333333
3803,5314,5322,8,0.26666666666666666
3882,5316,5317,1,0.03333333333333333
3893,5384,5389,5,0.16666666666666666
3893,5403,5404,1,0.03333333333333333
3893,5414,5415,1,0.03333333333333333
3888,5388,5391,3,0.1
3888,5403,5406,3,0.1
3888,5428,5429,1,0.03333333333333333
3888,5432,5434,2,0.06666666666666667
3900,5412,5419,7,0.23333333333333334
3900,5420,5426,6,0.2
3900,5428,5447,19,0.6333333333333333
3931,5479,5485,6,0.2
3931,5490,5491,1,0.03333333333333333
3981,5568,5571,3,0.1
3966,5577,5578,1,0.03333333333333333
3966,5580,6146,566,18.866666666666667
3966,6150,6153,3,0.1
3966,6155,6159,4,0.13333333333333333
3966,6167,6170,3,0.1
3966,6190,6192,2,0.06666666666666667
4007,5602,5604,2,0.06666666666666667
4016,5685,5688,3,0.1
4016,5689,5690,1,0.03333333333333333
4016,5692,5693,1,0.03333333333333333
4024,5707,5708,1,0.03333333333333333
4024,5709,5712,3,0.1
4024,5729,5733,4,0.13333333333333333
4028,5712,5713,1,0.03333333333333333
4028,5719,5720,1,0.03333333333333333
4028,5724,5725,1,0.03333333333333333
4028,5726,5727,1,0.03333333333333333
4028,5731,5734,3,0.1
4028,5736,5737,1,0.03333333333333333
4028,5738,5740,2,0.06666666666666667
4028,5745,5748,3,0.1
4028,5749,5753,4,0.13333333333333333
4028,5760,5765,5,0.16666666666666666
4028,5766,5767,1,0.03333333333333333
4028,5768,5769,1,0.03333333333333333
4028,5772,5777,5,0.16666666666666666
4028,5786,5789,3,0.1
4028,5791,5797,6,0.2
4028,5803,5810,7,0.23333333333333334
4028,5815,5817,2,0.06666666666666667
4017,5729,5731,2,0.06666666666666667
4017,5733,5741,8,0.26666666666666666
4017,5745,5748,3,0.1
4017,5749,5756,7,0.23333333333333334
4088,5876,5878,2,0.06666666666666667
4088,5881,5885,4,0.13333333333333333
4088,5903,5906,3,0.1
4088,5910,5913,3,0.1
4088,5917,5918,1,0.03333333333333333
4088,5927,5936,9,0.3
4088,5947,5951,4,0.13333333333333333
4088,5955,5958,3,0.1
4088,5959,5963,4,0.13333333333333333
4104,5906,5907,1,0.03333333333333333
4104,5909,5910,1,0.03333333333333333
4104,5914,5920,6,0.2
4104,5970,5974,4,0.13333333333333333
4104,5982,5983,1,0.03333333333333333
4108,5907,5913,6,0.2
4115,5931,5933,2,0.06666666666666667
4115,5934,5936,2,0.06666666666666667
4115,5939,5946,7,0.23333333333333334
4119,5934,5942,8,0.26666666666666666
4119,5944,5947,3,0.1
4119,5951,5952,1,0.03333333333333333
4119,5980,5982,2,0.06666666666666667
4119,5984,5986,2,0.06666666666666667
4119,5996,6000,4,0.13333333333333333
4119,6007,6008,1,0.03333333333333333
4119,6016,6018,2,0.06666666666666667
4119,6024,6025,1,0.03333333333333333
4119,6027,6028,1,0.03333333333333333
4163,5996,5998,2,0.06666666666666667
4155,6004,6006,2,0.06666666666666667
4155,6011,6013,2,0.06666666666666667
4155,6015,6035,20,0.6666666666666666
4155,6036,6037,1,0.03333333333333333
4155,6038,6048,10,0.3333333333333333
4155,6063,6073,10,0.3333333333333333
4155,6094,6096,2,0.06666666666666667
4155,6098,6106,8,0.26666666666666666
4155,6109,6114,5,0.16666666666666666
4155,6217,6219,2,0.06666666666666667
4173,6009,6010,1,0.03333333333333333
4173,6012,6053,41,1.3666666666666667
4085,6019,6020,1,0.03333333333333333
4085,6022,6026,4,0.13333333333333333
4085,6029,6040,11,0.36666666666666664
4085,6050,6171,121,4.033333333333333
4085,6172,6254,82,2.7333333333333334
4085,6271,6274,3,0.1
4085,6315,6342,27,0.9
4085,6352,6415,63,2.1
4179,6029,6030,1,0.03333333333333333
4179,6034,6035,1,0.03333333333333333
4179,6048,6052,4,0.13333333333333333
4179,6127,6128,1,0.03333333333333333
4178,6018,6037,19,0.6333333333333333
4171,6104,6106,2,0.06666666666666667
4171,6197,6198,1,0.03333333333333333
4241,6145,6163,18,0.6
4241,6167,6187,20,0.6666666666666666
4241,6189,6195,6,0.2
4241,6198,6201,3,0.1
4303,6181,6182,1,0.03333333333333333
4303,6185,6186,1,0.03333333333333333
4303,6187,6188,1,0.03333333333333333
4303,6189,6192,3,0.1
4303,6198,6199,1,0.03333333333333333
4303,6202,6204,2,0.06666666666666667
4303,6209,6210,1,0.03333333333333333
4303,6228,6235,7,0.23333333333333334
4308,6183,6185,2,0.06666666666666667
4308,6186,6187,1,0.03333333333333333
4308,6188,6189,1,0.03333333333333333
4308,6193,6199,6,0.2
4338,6223,6234,11,0.36666666666666664
4339,6248,6254,6,0.2
4339,6266,6267,1,0.03333333333333333
4339,6272,6278,6,0.2
4339,6291,6294,3,0.1
4339,6303,6304,1,0.03333333333333333
4339,6324,6326,2,0.06666666666666667
4402,6274,6279,5,0.16666666666666666
4415,6289,6291,2,0.06666666666666667
4415,6344,6348,4,0.13333333333333333
4415,6350,6351,1,0.03333333333333333
4415,6354,6355,1,0.03333333333333333
4415,6368,6375,7,0.23333333333333334
4415,6382,6386,4,0.13333333333333333
4415,6398,6402,4,0.13333333333333333
4428,6306,6310,4,0.13333333333333333
4422,6310,6312,2,0.06666666666666667
4422,6407,6408,1,0.03333333333333333
4337,6332,6334,2,0.06666666666666667
4337,6336,6341,5,0.16666666666666666
4337,6343,6344,1,0.03333333333333333
4449,6344,6350,6,0.2
4449,6364,6365,1,0.03333333333333333
4449,6374,6377,3,0.1
4473,6370,6371,1,0.03333333333333333
4473,6372,6373,1,0.03333333333333333
4473,6387,6389,2,0.06666666666666667
4473,6397,6398,1,0.03333333333333333
4473,6401,6406,5,0.16666666666666666
4473,6409,6410,1,0.03333333333333333
4473,6442,6443,1,0.03333333333333333
4473,6459,6460,1,0.03333333333333333
4465,6367,6380,13,0.43333333333333335
4465,6385,6386,1,0.03333333333333333
4486,6401,6402,1,0.03333333333333333
4486,6404,6407,3,0.1
4486,6410,6411,1,0.03333333333333333
4509,6404,6414,10,0.3333333333333333
4509,6420,6434,14,0.4666666666666667
4509,6435,6467,32,1.0666666666666667
4509,6478,6479,1,0.03333333333333333
4509,6484,6485,1,0.03333333333333333
4509,6487,6488,1,0.03333333333333333
4509,6489,6492,3,0.1
4509,6493,6504,11,0.36666666666666664
4509,6507,6510,3,0.1
4509,6530,6532,2,0.06666666666666667
4509,6553,6560,7,0.23333333333333334
4509,6566,6572,6,0.2
4509,6585,6587,2,0.06666666666666667
4518,6452,6455,3,0.1
4535,6456,6457,1,0.03333333333333333
4535,6515,6516,1,0.03333333333333333
4535,6540,6541,1,0.03333333333333333
4535,6626,6627,1,0.03333333333333333
4576,6492,6495,3,0.1
4576,6496,6498,2,0.06666666666666667
4576,6511,6516,5,0.16666666666666666
4576,6518,6537,19,0.6333333333333333
4576,6541,6546,5,0.16666666666666666
4576,6552,6557,5,0.16666666666666666
4576,6565,6566,1,0.03333333333333333
4576,6569,6572,3,0.1
4576,6573,6578,5,0.16666666666666666
4570,6495,6497,2,0.06666666666666667
4583,6529,6532,3,0.1
4583,6534,6539,5,0.16666666666666666
4583,6550,6553,3,0.1
4583,6560,6561,1,0.03333333333333333
4583,6562,6564,2,0.06666666666666667
4583,6570,6572,2,0.06666666666666667
4627,6532,6533,1,0.03333333333333333
4627,6548,6549,1,0.03333333333333333
4623,6532,6536,4,0.13333333333333333
4623,6539,6542,3,0.1
4623,6545,6549,4,0.13333333333333333
4623,6553,6560,7,0.23333333333333334
4623,6561,6568,7,0.23333333333333334
4623,6569,6570,1,0.03333333333333333
4623,6572,6574,2,0.06666666666666667
4556,6495,6546,51,1.7
4650,6546,6548,2,0.06666666666666667
4650,6549,6569,20,0.6666666666666666
4634,6570,6574,4,0.13333333333333333
4634,6587,6608,21,0.7
4634,6685,6688,3,0.1
4634,6694,6702,8,0.26666666666666666
4634,6835,6836,1,0.03333333333333333
4634,6837,6839,2,0.06666666666666667
4634,6872,6892,20,0.6666666666666666
4634,6894,6895,1,0.03333333333333333
4634,6896,6897,1,0.03333333333333333
4634,6898,6899,1,0.03333333333333333
4634,6934,6935,1,0.03333333333333333
4634,6939,6940,1,0.03333333333333333
4634,6942,7114,172,5.733333333333333
4634,7118,7213,95,3.1666666666666665
4634,7219,7230,11,0.36666666666666664
4634,7234,7236,2,0.06666666666666667
4634,7238,7239,1,0.03333333333333333
4634,7254,7484,230,7.666666666666667
4634,7493,7528,35,1.1666666666666667
4634,7529,7530,1,0.03333333333333333
4634,7531,7553,22,0.7333333333333333
4634,7557,7558,1,0.03333333333333333
4634,7576,7578,2,0.06666666666666667
4634,7579,7586,7,0.23333333333333334
4634,7589,7590,1,0.03333333333333333
4634,7592,7596,4,0.13333333333333333
4634,7597,7602,5,0.16666666666666666
4634,7606,7612,6,0.2
4634,7616,7625,9,0.3
4634,7654,7656,2,0.06666666666666667
4634,7657,7688,31,1.0333333333333334
4642,6574,6581,7,0.23333333333333334
4642,6582,6584,2,0.06666666666666667
4642,6585,6601,16,0.5333333333333333
4642,6604,6606,2,0.06666666666666667
4642,6669,6670,1,0.03333333333333333
4642,6689,6697,8,0.26666666666666666
4648,6582,6584,2,0.06666666666666667
4648,6585,6588,3,0.1
4648,6597,6599,2,0.06666666666666667
4648,6620,6627,7,0.23333333333333334
4648,6630,6733,103,3.433333333333333
4648,6743,6758,15,0.5
4648,6774,6782,8,0.26666666666666666
4648,6783,6787,4,0.13333333333333333
4648,6790,6848,58,1.9333333333333333
4648,6859,6896,37,1.2333333333333334
4648,6899,6907,8,0.26666666666666666
4648,6920,7684,764,25.466666666666665
4648,7686,7688,2,0.06666666666666667
4678,6636,6637,1,0.03333333333333333
4678,6654,6655,1,0.03333333333333333
4678,6661,6662,1,0.03333333333333333
4678,6669,6673,4,0.13333333333333333
4528,6634,6646,12,0.4
4528,6651,6653,2,0.06666666666666667
4528,6659,6662,3,0.1
4528,6711,6713,2,0.06666666666666667
4528,6714,6730,16,0.5333333333333333
4528,6731,6739,8,0.26666666666666666
4528,6740,6750,10,0.3333333333333333
4528,6752,6754,2,0.06666666666666667
4528,6759,6769,10,0.3333333333333333
4528,6791,6797,6,0.2
4528,6798,6802,4,0.13333333333333333
4528,6805,6923,118,3.933333333333333
4528,6927,6932,5,0.16666666666666666
4528,6938,7064,126,4.2
4528,7066,7074,8,0.26666666666666666
4528,7310,7314,4,0.13333333333333333
4528,7319,7321,2,0.06666666666666667
4528,7332,7335,3,0.1
4528,7336,7337,1,0.03333333333333333
4688,6705,6707,2,0.06666666666666667
4688,6718,6725,7,0.23333333333333334
4688,6726,6727,1,0.03333333333333333
4688,6744,6745,1,0.03333333333333333
4688,6752,6753,1,0.03333333333333333
4688,6754,6755,1,0.03333333333333333
4688,6790,6797,7,0.23333333333333334
4751,6717,6722,5,0.16666666666666666
4758,6742,6744,2,0.06666666666666667
4759,6757,6781,24,0.8
4759,6782,6797,15,0.5
4759,6798,6799,1,0.03333333333333333
4759,6810,6818,8,0.26666666666666666
4759,6822,6826,4,0.13333333333333333
4759,6830,6831,1,0.03333333333333333
4759,6838,6840,2,0.06666666666666667
4759,6846,6847,1,0.03333333333333333
4768,6781,6785,4,0.13333333333333333
4768,6786,6787,1,0.03333333333333333
4776,6782,6786,4,0.13333333333333333
4776,6794,6795,1,0.03333333333333333
4791,6855,6859,4,0.13333333333333333
4843,6911,6931,20,0.6666666666666666
4843,6932,6939,7,0.23333333333333334
4843,6940,6948,8,0.26666666666666666
4843,6949,6952,3,0.1
4843,6956,6958,2,0.06666666666666667
4843,6964,6966,2,0.06666666666666667
4843,6967,6973,6,0.2
4843,6983,6995,12,0.4
4843,7002,7003,1,0.03333333333333333
4843,7009,7013,4,0.13333333333333333
4843,7014,7028,14,0.4666666666666667
4843,7030,7050,20,0.6666666666666666
4843,7051,7052,1,0.03333333333333333
4843,7054,7057,3,0.1
4843,7102,7103,1,0.03333333333333333
4843,7105,7106,1,0.03333333333333333
4778,6947,6950,3,0.1
4778,6951,6954,3,0.1
4873,6980,6982,2,0.06666666666666667
4870,6963,7002,39,1.3
4919,7037,7040,3,0.1
4919,7045,7046,1,0.03333333333333333
4919,7210,7211,1,0.03333333333333333
4919,7253,7254,1,0.03333333333333333
4800,7091,7098,7,0.23333333333333334
4800,7114,7117,3,0.1
4939,7100,7102,2,0.06666666666666667
4939,7117,7121,4,0.13333333333333333
4939,7122,7123,1,0.03333333333333333
5006,7208,7210,2,0.06666666666666667
5006,7223,7227,4,0.13333333333333333
5006,7251,7254,3,0.1
5006,7315,7317,2,0.06666666666666667
5039,7275,7277,2,0.06666666666666667
5050,7301,7302,1,0.03333333333333333
5050,7306,7308,2,0.06666666666666667
5050,7309,7310,1,0.03333333333333333
5133,7386,7394,8,0.26666666666666666
5133,7401,7417,16,0.5333333333333333
5133,7422,7425,3,0.1
5133,7507,7508,1,0.03333333333333333
5133,7554,7605,51,1.7
5133,7608,7612,4,0.13333333333333333
5133,7614,7615,1,0.03333333333333333
5133,7616,7619,3,0.1
5133,7621,7623,2,0.06666666666666667
5133,7624,7627,3,0.1
5133,7628,7629,1,0.03333333333333333
5133,7631,7651,20,0.6666666666666666
5133,7654,7656,2,0.06666666666666667
5133,7667,7668,1,0.03333333333333333
5133,7749,7794,45,1.5
5133,7960,8019,59,1.9666666666666666
5133,8020,8048,28,0.9333333333333333
5133,8057,8061,4,0.13333333333333333
5133,8063,8068,5,0.16666666666666666
5133,8128,8130,2,0.06666666666666667
5133,8133,8134,1,0.03333333333333333
5133,8135,8136,1,0.03333333333333333
5159,7507,7510,3,0.1
5159,7512,7534,22,0.7333333333333333
5193,7590,7591,1,0.03333333333333333
5193,7595,7596,1,0.03333333333333333
5193,7597,7599,2,0.06666666666666667
5193,7600,7603,3,0.1
5193,7628,7631,3,0.1
5193,7637,7644,7,0.23333333333333334
5193,7648,7649,1,0.03333333333333333
5193,7654,7658,4,0.13333333333333333
5193,7664,7668,4,0.13333333333333333
5193,7677,7680,3,0.1
5183,7596,7597,1,0.03333333333333333
5183,7599,7608,9,0.3
5195,7600,7601,1,0.03333333333333333
5195,7603,7604,1,0.03333333333333333
5195,7608,7611,3,0.1
5195,7614,7615,1,0.03333333333333333
5195,7631,7632,1,0.03333333333333333
5195,7653,7654,1,0.03333333333333333
5195,7655,7656,1,0.03333333333333333
5195,7664,7666,2,0.06666666666666667
5195,7678,7681,3,0.1
5195,7683,7685,2,0.06666666666666667
5195,7693,7696,3,0.1
5195,7697,7698,1,0.03333333333333333
5189,7658,7659,1,0.03333333333333333
5189,7687,7688,1,0.03333333333333333
5189,7693,7700,7,0.23333333333333334
5189,7709,7710,1,0.03333333333333333
5232,7669,7670,1,0.03333333333333333
5232,7746,7750,4,0.13333333333333333
5232,7766,7769,3,0.1
5232,7771,7774,3,0.1
5244,7683,7687,4,0.13333333333333333
5244,7688,7697,9,0.3
5244,7698,7701,3,0.1
5244,7704,7706,2,0.06666666666666667
5265,7704,7710,6,0.2
5297,7725,7726,1,0.03333333333333333
5297,7728,7745,17,0.5666666666666667
5314,7728,7730,2,0.06666666666666667
5314,7734,7737,3,0.1
5315,7732,7733,1,0.03333333333333333
5315,7746,7748,2,0.06666666666666667
5315,7769,7772,3,0.1
5315,7775,7777,2,0.06666666666666667
5315,7782,7785,3,0.1
5315,7790,7794,4,0.13333333333333333
5315,7802,7803,1,0.03333333333333333
5315,7807,7817,10,0.3333333333333333
5315,7819,7821,2,0.06666666666666667
5260,7700,7736,36,1.2
5260,7737,7742,5,0.16666666666666666
5260,7750,7753,3,0.1
5260,7766,7774,8,0.26666666666666666
5260,7775,7781,6,0.2
5398,7819,7821,2,0.06666666666666667
5396,7814,7822,8,0.26666666666666666
5357,7822,7823,1,0.03333333333333333
5404,7838,7840,2,0.06666666666666667
5404,7841,7843,2,0.06666666666666667
5409,7851,7853,2,0.06666666666666667
5409,7871,7873,2,0.06666666666666667
5409,7904,7906,2,0.06666666666666667
5409,7911,7912,1,0.03333333333333333
5409,7920,7926,6,0.2
5409,7951,7953,2,0.06666666666666667
5411,7854,7855,1,0.03333333333333333
5421,7862,7863,1,0.03333333333333333
5421,7865,7866,1,0.03333333333333333
5309,7832,7940,108,3.6
5309,7942,7944,2,0.06666666666666667
5309,7945,7955,10,0.3333333333333333
5309,7967,7976,9,0.3
5309,7977,7978,1,0.03333333333333333
5309,7981,8001,20,0.6666666666666666
5309,8002,8100,98,3.2666666666666666
5309,8104,8131,27,0.9
5309,8134,8141,7,0.23333333333333334
5309,8142,8204,62,2.066666666666667
5309,8214,8215,1,0.03333333333333333
5309,8219,8220,1,0.03333333333333333
5309,8223,8240,17,0.5666666666666667
5309,8241,8243,2,0.06666666666666667
5309,8245,8246,1,0.03333333333333333
5309,8251,8255,4,0.13333333333333333
5309,8256,8257,1,0.03333333333333333
5309,8258,8267,9,0.3
5309,8272,8273,1,0.03333333333333333
5309,8276,8277,1,0.03333333333333333
5309,8279,8300,21,0.7
5456,7979,7987,8,0.26666666666666666
5456,7992,7996,4,0.13333333333333333
5476,8049,8054,5,0.16666666666666666
5476,8093,8094,1,0.03333333333333333
5476,8104,8107,3,0.1
5476,8121,8123,2,0.06666666666666667
5476,8199,8200,1,0.03333333333333333
5484,8117,8118,1,0.03333333333333333
5484,8143,8147,4,0.13333333333333333
5484,8148,8149,1,0.03333333333333333
5503,8149,8151,2,0.06666666666666667
5503,8152,8155,3,0.1
5503,8157,8163,6,0.2
5503,8164,8166,2,0.06666666666666667
5503,8167,8169,2,0.06666666666666667
5503,8171,8172,1,0.03333333333333333
5503,8175,8181,6,0.2
5503,8190,8191,1,0.03333333333333333
5503,8192,8197,5,0.16666666666666666
5503,8249,8250,1,0.03333333333333333
5512,8162,8164,2,0.06666666666666667
5507,8166,8167,1,0.03333333333333333
5507,8168,8171,3,0.1
5507,8172,8175,3,0.1
5513,8188,8192,4,0.13333333333333333
5513,8212,8216,4,0.13333333333333333
5513,8221,8223,2,0.06666666666666667
5513,8229,8231,2,0.06666666666666667
5513,8245,8246,1,0.03333333333333333
5514,8197,8199,2,0.06666666666666667
5544,8197,8207,10,0.3333333333333333
5544,8209,8219,10,0.3333333333333333
5544,8240,8241,1,0.03333333333333333
5544,8243,8244,1,0.03333333333333333
5544,8246,8255,9,0.3
5544,8256,8260,4,0.13333333333333333
5544,8279,8281,2,0.06666666666666667
5544,8303,8305,2,0.06666666666666667
5544,8306,8310,4,0.13333333333333333
5544,8318,8325,7,0.23333333333333334
5544,8345,8346,1,0.03333333333333333
5544,8347,8349,2,0.06666666666666667
5544,8391,8393,2,0.06666666666666667
5515,8237,8239,2,0.06666666666666667
5515,8352,8353,1,0.03333333333333333
5515,8383,8386,3,0.1
5515,8387,8388,1,0.03333333333333333
5522,8241,8243,2,0.06666666666666667
5584,8281,8298,17,0.5666666666666667
5584,8299,8306,7,0.23333333333333334
5667,8356,8379,23,0.7666666666666667
5667,8383,8384,1,0.03333333333333333
5667,8385,8400,15,0.5
5688,8454,8459,5,0.16666666666666666
5688,8460,8461,1,0.03333333333333333
5688,8462,8464,2,0.06666666666666667
5684,8464,8466,2,0.06666666666666667
5684,8482,8484,2,0.06666666666666667
5684,8486,8487,1,0.03333333333333333
5684,8497,8502,5,0.16666666666666666
5684,8505,8506,1,0.03333333333333333
5684,8507,8508,1,0.03333333333333333
5681,8439,8489,50,1.6666666666666667
5681,8491,8495,4,0.13333333333333333
5681,8496,8499,3,0.1
5681,8505,8506,1,0.03333333333333333
5681,8518,8520,2,0.06666666666666667
5681,8522,8526,4,0.13333333333333333
5681,8528,8531,3,0.1
5681,8590,8591,1,0.03333333333333333
5681,8592,8594,2,0.06666666666666667
5681,8595,8604,9,0.3
5750,8567,8572,5,0.16666666666666666
5750,8584,8588,4,0.13333333333333333
5750,8602,8603,1,0.03333333333333333
5751,8579,8584,5,0.16666666666666666
5752,8584,8587,3,0.1
5752,8594,8599,5,0.16666666666666666
5752,8616,8617,1,0.03333333333333333
5752,8628,8631,3,0.1
5752,8632,8634,2,0.06666666666666667
5752,8635,8636,1,0.03333333333333333
5752,8663,8669,6,0.2
5752,8675,8676,1,0.03333333333333333
5752,8678,8679,1,0.03333333333333333
5752,8696,8704,8,0.26666666666666666
5752,8708,8709,1,0.03333333333333333
5752,8713,8726,13,0.43333333333333335
5752,8728,8732,4,0.13333333333333333
5752,8734,8737,3,0.1
5752,8738,8743,5,0.16666666666666666
5752,8752,8758,6,0.2
5752,8898,8899,1,0.03333333333333333
5754,8591,8592,1,0.03333333333333333
5754,8594,8595,1,0.03333333333333333
5749,8604,8615,11,0.36666666666666664
5788,8646,8647,1,0.03333333333333333
5788,8653,8655,2,0.06666666666666667
5788,8662,8666,4,0.13333333333333333
5788,8671,8674,3,0.1
5788,8686,8689,3,0.1
5788,8697,8706,9,0.3
5832,8683,8684,1,0.03333333333333333
5842,8702,8706,4,0.13333333333333333
5845,8706,8708,2,0.06666666666666667
5845,8714,8715,1,0.03333333333333333
5845,8716,8719,3,0.1
5845,8720,8721,1,0.03333333333333333
5845,8725,8726,1,0.03333333333333333
5845,8728,8729,1,0.03333333333333333
5909,8751,8753,2,0.06666666666666667
5909,8755,8757,2,0.06666666666666667
5909,8761,8762,1,0.03333333333333333
5909,8769,8776,7,0.23333333333333334
5909,8780,8781,1,0.03333333333333333
5909,8798,8799,1,0.03333333333333333
5909,8801,8803,2,0.06666666666666667
5909,8811,8813,2,0.06666666666666667
5909,8821,8822,1,0.03333333333333333
5909,8829,8831,2,0.06666666666666667
5909,8837,8838,1,0.03333333333333333
5909,8841,8842,1,0.03333333333333333
5909,8843,8846,3,0.1
5909,8847,8849,2,0.06666666666666667
5909,8853,8862,9,0.3
5909,8863,8865,2,0.06666666666666667
5909,8866,8867,1,0.03333333333333333
5909,8882,8883,1,0.03333333333333333
5909,8887,8888,1,0.03333333333333333
5909,8895,8897,2,0.06666666666666667
5909,8898,8899,1,0.03333333333333333
5909,8902,8903,1,0.03333333333333333
5909,8907,8911,4,0.13333333333333333
5909,8913,8917,4,0.13333333333333333
5946,8833,8834,1,0.03333333333333333
5946,8835,8838,3,0.1
5942,8861,8863,2,0.06666666666666667
5942,8869,8870,1,0.03333333333333333
5942,8902,8905,3,0.1
5942,8917,8918,1,0.03333333333333333
6031,8913,8914,1,0.03333333333333333
6046,8945,8946,1,0.03333333333333333
6046,8958,8959,1,0.03333333333333333
6046,8963,8965,2,0.06666666666666667
6046,8969,8970,1,0.03333333333333333
6046,8977,8982,5,0.16666666666666666
6046,8986,8991,5,0.16666666666666666
6046,9006,9009,3,0.1
6046,9017,9018,1,0.03333333333333333
6046,9020,9025,5,0.16666666666666666
6046,9027,9030,3,0.1
6046,9032,9034,2,0.06666666666666667
6058,8959,8960,1,0.03333333333333333
6090,9006,9010,4,0.13333333333333333
6090,9011,9013,2,0.06666666666666667
6090,9014,9016,2,0.06666666666666667
6090,9017,9018,1,0.03333333333333333
6090,9019,9022,3,0.1
6090,9054,9057,3,0.1
6044,9015,9020,5,0.16666666666666666
6044,9022,9026,4,0.13333333333333333
6044,9027,9029,2,0.06666666666666667
6044,9034,9046,12,0.4
6044,9047,9050,3,0.1
6044,9053,9055,2,0.06666666666666667
6118,9118,9125,7,0.23333333333333334
6118,9138,9143,5,0.16666666666666666
6118,9157,9159,2,0.06666666666666667
6118,9161,9163,2,0.06666666666666667
6118,9169,9175,6,0.2
6118,9198,9211,13,0.43333333333333335
6118,9213,9231,18,0.6
6118,9258,9265,7,0.23333333333333334
6118,9273,9278,5,0.16666666666666666
6118,9280,9281,1,0.03333333333333333
6118,9294,9295,1,0.03333333333333333
6118,9298,9299,1,0.03333333333333333
6118,9302,9303,1,0.03333333333333333
6118,9305,9306,1,0.03333333333333333
6118,9312,9314,2,0.06666666666666667
6118,9315,9317,2,0.06666666666666667
6140,9129,9130,1,0.03333333333333333
6140,9131,9133,2,0.06666666666666667
6140,9147,9149,2,0.06666666666666667
6140,9163,9166,3,0.1
6151,9145,9146,1,0.03333333333333333
6151,9150,9153,3,0.1
6151,9158,9159,1,0.03333333333333333
6151,9185,9186,1,0.03333333333333333
6151,9187,9190,3,0.1
6151,9205,9206,1,0.03333333333333333
6151,9215,9218,3,0.1
6151,9219,9225,6,0.2
6200,9199,9202,3,0.1
6225,9221,9229,8,0.26666666666666666
6225,9237,9239,2,0.06666666666666667
6224,9230,9242,12,0.4
6224,9243,9245,2,0.06666666666666667
6224,9249,9250,1,0.03333333333333333
6224,9254,9257,3,0.1
6224,9262,9263,1,0.03333333333333333
6224,9267,9269,2,0.06666666666666667
6224,9271,9281,10,0.3333333333333333
6224,9283,9285,2,0.06666666666666667
6281,9281,9282,1,0.03333333333333333
6326,9285,9286,1,0.03333333333333333
6326,9289,9290,1,0.03333333333333333
6326,9311,9315,4,0.13333333333333333
6326,9320,9322,2,0.06666666666666667
6326,9324,9325,1,0.03333333333333333
6263,9246,9293,47,1.5666666666666667
6263,9302,9303,1,0.03333333333333333
6263,9310,9315,5,0.16666666666666666
6263,9319,9344,25,0.8333333333333334
6263,9394,9405,11,0.36666666666666664
6263,9411,9412,1,0.03333333333333333
6263,9440,9447,7,0.23333333333333334
6355,9291,9293,2,0.06666666666666667
6355,9297,9298,1,0.03333333333333333
6355,9311,9325,14,0.4666666666666667
6355,9326,9328,2,0.06666666666666667
6355,9350,9351,1,0.03333333333333333
6355,9374,9378,4,0.13333333333333333
6355,9379,9383,4,0.13333333333333333
6355,9386,9387,1,0.03333333333333333
6355,9391,9399,8,0.26666666666666666
6355,9407,9409,2,0.06666666666666667
6377,9332,9338,6,0.2
6377,9358,9359,1,0.03333333333333333
6377,9362,9365,3,0.1
6388,9339,9340,1,0.03333333333333333
6403,9322,9340,18,0.6
6449,9398,9399,1,0.03333333333333333
6479,9404,9414,10,0.3333333333333333
6479,9418,9419,1,0.03333333333333333
6479,9422,9424,2,0.06666666666666667
6479,9432,9435,3,0.1
6479,9436,9438,2,0.06666666666666667
6512,9463,9464,1,0.03333333333333333
6460,9486,9487,1,0.03333333333333333
6460,9490,9491,1,0.03333333333333333
6460,9498,9515,17,0.5666666666666667
6460,9516,9518,2,0.06666666666666667
6460,9556,9557,1,0.03333333333333333
6460,9559,9560,1,0.03333333333333333
6585,9502,9514,12,0.4
6585,9515,9518,3,0.1
6585,9527,9530,3,0.1
6585,9532,9534,2,0.06666666666666667
6585,9560,9568,8,0.26666666666666666
6585,9586,9589,3,0.1
6585,9590,9591,1,0.03333333333333333
6585,9643,9644,1,0.03333333333333333
6585,9706,9708,2,0.06666666666666667
6603,9551,9553,2,0.06666666666666667
6603,9563,9564,1,0.03333333333333333
6603,9620,9625,5,0.16666666666666666
6603,9631,9639,8,0.26666666666666666
6603,9640,9648,8,0.26666666666666666
6603,9652,9653,1,0.03333333333333333
6473,9438,9560,122,4.066666666666666
6473,9574,9577,3,0.1
6473,9583,9594,11,0.36666666666666664
6473,9599,9612,13,0.43333333333333335
6473,9623,9628,5,0.16666666666666666
6473,9642,9643,1,0.03333333333333333
6473,9648,9655,7,0.23333333333333334
6473,9656,9667,11,0.36666666666666664
6473,9672,9673,1,0.03333333333333333
6473,9676,9682,6,0.2
6473,9686,9690,4,0.13333333333333333
6473,9696,9700,4,0.13333333333333333
6473,9701,9705,4,0.13333333333333333
6473,9715,9720,5,0.16666666666666666
6473,9724,9727,3,0.1
6473,9734,9745,11,0.36666666666666664
6473,9749,9751,2,0.06666666666666667
6473,9760,9767,7,0.23333333333333334
6473,9794,9844,50,1.6666666666666667
6473,9848,9850,2,0.06666666666666667
6473,9867,9869,2,0.06666666666666667
6473,9871,9874,3,0.1
6473,9875,9877,2,0.06666666666666667
6473,9995,9996,1,0.03333333333333333
6473,10053,10054,1,0.03333333333333333
6473,10057,10058,1,0.03333333333333333
6473,10069,10077,8,0.26666666666666666
6618,9555,9560,5,0.16666666666666666
6618,9562,9564,2,0.06666666666666667
6632,9560,9562,2,0.06666666666666667
6635,9579,9580,1,0.03333333333333333
6635,9586,9588,2,0.06666666666666667
6635,9607,9611,4,0.13333333333333333
6586,9560,9583,23,0.7666666666666667
6660,9651,9652,1,0.03333333333333333
6659,9660,9661,1,0.03333333333333333
6659,9663,9672,9,0.3
6666,9668,9704,36,1.2
6666,9705,9726,21,0.7
6666,9734,9737,3,0.1
6699,9751,9757,6,0.2
6699,9758,9760,2,0.06666666666666667
6699,9761,9762,1,0.03333333333333333
6707,9772,9778,6,0.2
6707,9780,9786,6,0.2
6707,9787,9789,2,0.06666666666666667
6707,9792,9798,6,0.2
6707,9799,9802,3,0.1
6707,9806,9809,3,0.1
6707,9815,9818,3,0.1
6707,9821,9823,2,0.06666666666666667
6707,9825,9826,1,0.03333333333333333
6707,9842,9869,27,0.9
6707,9881,9891,10,0.3333333333333333
6707,9893,9899,6,0.2
6707,9902,9907,5,0.16666666666666666
6707,9913,9922,9,0.3
6712,9777,9780,3,0.1
6712,9782,9783,1,0.03333333333333333
6712,9784,9785,1,0.03333333333333333
6712,9789,9792,3,0.1
6712,9793,9794,1,0.03333333333333333
6712,9804,9806,2,0.06666666666666667
6705,9766,9782,16,0.5333333333333333
6457,9809,9829,20,0.6666666666666666
6457,9830,9833,3,0.1
6457,9835,9844,9,0.3
6719,9825,9831,6,0.2
6719,9838,9841,3,0.1
6774,9860,9862,2,0.06666666666666667
6774,10266,10267,1,0.03333333333333333
6677,9865,9868,3,0.1
6677,9869,9870,1,0.03333333333333333
6677,9890,9893,3,0.1
6677,9894,9897,3,0.1
6677,9913,9914,1,0.03333333333333333
6677,9919,9920,1,0.03333333333333333
6677,9922,9929,7,0.23333333333333334
6812,9894,9895,1,0.03333333333333333
6812,9901,9902,1,0.03333333333333333
6812,9913,9922,9,0.3
6804,9892,9897,5,0.16666666666666666
6804,9898,9899,1,0.03333333333333333
6831,9923,9925,2,0.06666666666666667
6831,10053,10063,10,0.3333333333333333
6882,9945,9946,1,0.03333333333333333
6882,9949,9955,6,0.2
6882,9961,9965,4,0.13333333333333333
6882,9977,9979,2,0.06666666666666667
6896,9962,9964,2,0.06666666666666667
6896,9966,9967,1,0.03333333333333333
6896,9976,9977,1,0.03333333333333333
6907,9973,9976,3,0.1
6907,9977,9979,2,0.06666666666666667
6907,9997,9998,1,0.03333333333333333
6912,9981,9982,1,0.03333333333333333
6912,9984,9986,2,0.06666666666666667
6912,10000,10001,1,0.03333333333333333
6912,10010,10044,34,1.1333333333333333
6916,9985,9986,1,0.03333333333333333
6916,10172,10174,2,0.06666666666666667
6908,9990,9991,1,0.03333333333333333
6908,10000,10001,1,0.03333333333333333
6908,10003,10004,1,0.03333333333333333
6908,10015,10025,10,0.3333333333333333
6908,10034,10036,2,0.06666666666666667
6908,10037,10041,4,0.13333333333333333
6908,10042,10044,2,0.06666666666666667
6908,10067,10070,3,0.1
6908,10123,10124,1,0.03333333333333333
6908,10132,10135,3,0.1
6908,10144,10148,4,0.13333333333333333
6908,10150,10154,4,0.13333333333333333
6908,10196,10197,1,0.03333333333333333
6908,10201,10206,5,0.16666666666666666
6908,10208,10211,3,0.1
6908,11109,11116,7,0.23333333333333334
6908,11587,11588,1,0.03333333333333333
6908,11693,11700,7,0.23333333333333334
6908,11701,11702,1,0.03333333333333333
6908,12570,12574,4,0.13333333333333333
6908,12710,12711,1,0.03333333333333333
6908,12965,12973,8,0.26666666666666666
6908,12982,12984,2,0.06666666666666667
6908,12985,12986,1,0.03333333333333333
6908,12987,12989,2,0.06666666666666667
6908,13052,13053,1,0.03333333333333333
6908,13054,13056,2,0.06666666666666667
6908,13834,13836,2,0.06666666666666667
6908,14050,14051,1,0.03333333333333333
6908,14434,14435,1,0.03333333333333333
6908,15082,15083,1,0.03333333333333333
6908,16142,16143,1,0.03333333333333333
6908,16742,16743,1,0.03333333333333333
6908,16744,16754,10,0.3333333333333333
6908,16758,16762,4,0.13333333333333333
6908,16763,16764,1,0.03333333333333333
6908,16772,16775,3,0.1
6908,16776,16777,1,0.03333333333333333
6908,16976,16977,1,0.03333333333333333
6908,17176,17218,42,1.4
6908,17843,17846,3,0.1
6908,17850,17853,3,0.1
6940,10010,10013,3,0.1
6940,10016,10017,1,0.03333333333333333
6940,10020,10021,1,0.03333333333333333
6940,10022,10024,2,0.06666666666666667
6940,10025,10032,7,0.23333333333333334
6940,10034,10041,7,0.23333333333333334
6940,10049,10050,1,0.03333333333333333
6940,10051,10053,2,0.06666666666666667
6940,10056,10059,3,0.1
6940,10061,10074,13,0.43333333333333335
6940,10078,10112,34,1.1333333333333333
6940,10115,10131,16,0.5333333333333333
6940,10132,10134,2,0.06666666666666667
6940,10136,10138,2,0.06666666666666667
6940,10142,10144,2,0.06666666666666667
6940,10146,10150,4,0.13333333333333333
6940,10154,10155,1,0.03333333333333333
6940,10160,10162,2,0.06666666666666667
6788,10008,10016,8,0.26666666666666666
6788,10017,10020,3,0.1
6788,10021,10028,7,0.23333333333333334
6788,10030,10035,5,0.16666666666666666
6788,10037,10067,30,1.0
6788,10071,10083,12,0.4
6788,10087,10154,67,2.2333333333333334
6788,10155,10186,31,1.0333333333333334
6945,10020,10022,2,0.06666666666666667
6946,10022,10024,2,0.06666666666666667
6946,10026,10028,2,0.06666666666666667
6967,10049,10053,4,0.13333333333333333
6967,10082,10083,1,0.03333333333333333
6967,10174,10176,2,0.06666666666666667
6967,10180,10183,3,0.1
6967,10184,10186,2,0.06666666666666667
6967,10509,10510,1,0.03333333333333333
6967,10513,10514,1,0.03333333333333333
6967,10516,10517,1,0.03333333333333333
6975,10051,10053,2,0.06666666666666667
6975,10056,10057,1,0.03333333333333333
7004,10066,10067,1,0.03333333333333333
6929,10065,10070,5,0.16666666666666666
6870,10077,10078,1,0.03333333333333333
6870,10086,10087,1,0.03333333333333333
6870,10273,10275,2,0.06666666666666667
7036,10090,10091,1,0.03333333333333333
7036,10107,10111,4,0.13333333333333333
7036,10134,10135,1,0.03333333333333333
7036,10296,10298,2,0.06666666666666667
7036,10306,10317,11,0.36666666666666664
7037,10091,10095,4,0.13333333333333333
7037,10096,10097,1,0.03333333333333333
7037,10131,10132,1,0.03333333333333333
7037,10136,10138,2,0.06666666666666667
7037,10165,10170,5,0.16666666666666666
7037,10180,10182,2,0.06666666666666667
7037,10189,10190,1,0.03333333333333333
7037,10192,10194,2,0.06666666666666667
7037,10197,10199,2,0.06666666666666667
7037,10206,10214,8,0.26666666666666666
7017,10098,10099,1,0.03333333333333333
7017,10103,10106,3,0.1
6987,10097,10103,6,0.2
7054,10106,10107,1,0.03333333333333333
7130,10154,10155,1,0.03333333333333333
7130,10156,10159,3,0.1
7130,10162,10165,3,0.1
7106,10167,10171,4,0.13333333333333333
7106,10178,10186,8,0.26666666666666666
7106,10190,10197,7,0.23333333333333334
7106,10203,10204,1,0.03333333333333333
7106,10206,10210,4,0.13333333333333333
7106,10211,10213,2,0.06666666666666667
7106,10215,10216,1,0.03333333333333333
7106,10220,10222,2,0.06666666666666667
7106,10230,10240,10,0.3333333333333333
7106,10253,10259,6,0.2
7106,10260,10271,11,0.36666666666666664
7106,10328,10329,1,0.03333333333333333
7106,10333,10375,42,1.4
7106,10377,10378,1,0.03333333333333333
7168,10182,10189,7,0.23333333333333334
7168,10194,10218,24,0.8
7168,10219,10222,3,0.1
7197,10196,10197,1,0.03333333333333333
7197,10256,10260,4,0.13333333333333333
7205,10211,10215,4,0.13333333333333333
7205,10216,10220,4,0.13333333333333333
7205,10223,10240,17,0.5666666666666667
7223,10223,10226,3,0.1
7242,10264,10267,3,0.1
7242,10268,10271,3,0.1
7242,10272,10274,2,0.06666666666666667
6866,10144,10281,137,4.566666666666666
6866,10282,10284,2,0.06666666666666667
6866,10285,10323,38,1.2666666666666666
6866,10325,10328,3,0.1
6866,10337,10344,7,0.23333333333333334
6866,10345,10347,2,0.06666666666666667
6866,10349,10417,68,2.2666666666666666
6866,10423,10425,2,0.06666666666666667
7286,10283,10284,1,0.03333333333333333
7294,10313,10315,2,0.06666666666666667
7308,10316,10326,10,0.3333333333333333
7308,10331,10335,4,0.13333333333333333
7308,10336,10352,16,0.5333333333333333
7308,10357,10364,7,0.23333333333333334
7308,10365,10366,1,0.03333333333333333
7308,10375,10376,1,0.03333333333333333
7308,10418,10420,2,0.06666666666666667
7333,10327,10329,2,0.06666666666666667
7333,10331,10333,2,0.06666666666666667
7329,10341,10343,2,0.06666666666666667
7329,10416,10417,1,0.03333333333333333
7282,10325,10356,31,1.0333333333333334
7282,10368,10377,9,0.3
7282,10378,10381,3,0.1
7282,10389,10390,1,0.03333333333333333
7282,10397,10398,1,0.03333333333333333
7282,10427,10429,2,0.06666666666666667
7282,10449,10450,1,0.03333333333333333
7282,10476,10481,5,0.16666666666666666
7381,10378,10380,2,0.06666666666666667
7272,10389,10390,1,0.03333333333333333
7272,10394,10395,1,0.03333333333333333
7396,10393,10400,7,0.23333333333333334
7402,10398,10401,3,0.1
7402,10402,10404,2,0.06666666666666667
7402,10416,10417,1,0.03333333333333333
7402,10430,10434,4,0.13333333333333333
7427,10426,10428,2,0.06666666666666667
7427,10449,10450,1,0.03333333333333333
7427,10452,10454,2,0.06666666666666667
7427,10456,10459,3,0.1
7431,10441,10442,1,0.03333333333333333
7431,10450,10457,7,0.23333333333333334
7437,10449,10452,3,0.1
7436,10468,10469,1,0.03333333333333333
7436,10470,10510,40,1.3333333333333333
7436,10562,10566,4,0.13333333333333333
7410,10461,10473,12,0.4
7089,10485,10486,1,0.03333333333333333
7447,10498,10501,3,0.1
7447,10504,10505,1,0.03333333333333333
7447,10510,10512,2,0.06666666666666667
7458,10532,10548,16,0.5333333333333333
7458,10552,10564,12,0.4
7469,10556,10559,3,0.1
7469,10573,10574,1,0.03333333333333333
7469,10581,10586,5,0.16666666666666666
7469,10604,10605,1,0.03333333333333333
7469,10616,10617,1,0.03333333333333333
7195,10583,10584,1,0.03333333333333333
7195,10587,10589,2,0.06666666666666667
7195,10596,10597,1,0.03333333333333333
7195,10598,10600,2,0.06666666666666667
7195,10602,10604,2,0.06666666666666667
7195,10606,10608,2,0.06666666666666667
7195,10609,10612,3,0.1
7195,10613,10615,2,0.06666666666666667
7195,10619,10631,12,0.4
7195,10640,10641,1,0.03333333333333333
7195,10662,10663,1,0.03333333333333333
7195,10701,10702,1,0.03333333333333333
7195,10706,10708,2,0.06666666666666667
7195,10739,10742,3,0.1
7195,10744,10746,2,0.06666666666666667
7195,10748,10751,3,0.1
7195,10767,10770,3,0.1
7195,10772,10774,2,0.06666666666666667
7195,10775,10780,5,0.16666666666666666
7489,10584,10587,3,0.1
7446,10620,10622,2,0.06666666666666667
7446,10624,10681,57,1.9
7446,10684,10772,88,2.933333333333333
7446,10776,10783,7,0.23333333333333334
7446,10784,10880,96,3.2
7446,10882,10883,1,0.03333333333333333
7446,10885,10891,6,0.2
7446,10892,10898,6,0.2
7446,10899,10903,4,0.13333333333333333
7446,10938,10945,7,0.23333333333333334
7446,10946,11064,118,3.933333333333333
7446,11065,11066,1,0.03333333333333333
7446,11078,11101,23,0.7666666666666667
7446,11109,11117,8,0.26666666666666666
7446,11118,11119,1,0.03333333333333333
7446,11125,11127,2,0.06666666666666667
7446,11128,11131,3,0.1
7446,11147,11293,146,4.866666666666666
7517,10621,10622,1,0.03333333333333333
6958,10622,10627,5,0.16666666666666666
6958,10636,10638,2,0.06666666666666667
6958,10640,10768,128,4.266666666666667
6958,10783,10784,1,0.03333333333333333
6958,10785,10786,1,0.03333333333333333
6958,10788,10792,4,0.13333333333333333
6958,10798,10847,49,1.6333333333333333
6958,10849,10949,100,3.3333333333333335
6958,10950,10974,24,0.8
6958,10975,10997,22,0.7333333333333333
6958,11001,11026,25,0.8333333333333334
6958,11033,11080,47,1.5666666666666667
6958,11088,11089,1,0.03333333333333333
6958,11090,11208,118,3.933333333333333
6958,11210,11215,5,0.16666666666666666
6958,11217,11262,45,1.5
6958,11268,11269,1,0.03333333333333333
6958,11274,11276,2,0.06666666666666667
6958,11299,11336,37,1.2333333333333334
6958,11337,11338,1,0.03333333333333333
6958,11339,11344,5,0.16666666666666666
6958,11345,11346,1,0.03333333333333333
6958,11348,11349,1,0.03333333333333333
7521,10631,10633,2,0.06666666666666667
7550,10675,10677,2,0.06666666666666667
7550,10680,10701,21,0.7
7550,10716,10718,2,0.06666666666666667
7550,10739,10741,2,0.06666666666666667
7550,10887,10889,2,0.06666666666666667
7563,10709,10710,1,0.03333333333333333
7578,10763,10764,1,0.03333333333333333
7578,10766,10767,1,0.03333333333333333
7591,10786,10791,5,0.16666666666666666
7591,10794,10795,1,0.03333333333333333
7591,10796,10802,6,0.2
7591,10804,10815,11,0.36666666666666664
7591,10819,10824,5,0.16666666666666666
7591,10886,10890,4,0.13333333333333333
7605,10795,10796,1,0.03333333333333333
7605,10800,10803,3,0.1
7605,10804,10807,3,0.1
7605,10814,10816,2,0.06666666666666667
7602,10792,10797,5,0.16666666666666666
7602,10799,10802,3,0.1
7513,10828,10829,1,0.03333333333333333
7597,10824,10834,10,0.3333333333333333
7597,10842,10844,2,0.06666666666666667
7597,10855,10859,4,0.13333333333333333
7597,10861,10864,3,0.1
7631,10871,10874,3,0.1
7631,10892,10895,3,0.1
7631,10901,10902,1,0.03333333333333333
7631,10910,10911,1,0.03333333333333333
7631,10930,10940,10,0.3333333333333333
7631,10943,10945,2,0.06666666666666667
7631,10952,10963,11,0.36666666666666664
7631,10964,10966,2,0.06666666666666667
7677,10946,10951,5,0.16666666666666666
7677,10957,10958,1,0.03333333333333333
7677,10988,11000,12,0.4
7677,11003,11023,20,0.6666666666666666
7677,11047,11048,1,0.03333333333333333
7677,11085,11091,6,0.2
7677,11095,11096,1,0.03333333333333333
7677,11097,11099,2,0.06666666666666667
7677,11116,11128,12,0.4
7677,11132,11139,7,0.23333333333333334
7677,11152,11167,15,0.5
7677,11183,11184,1,0.03333333333333333
7677,11186,11187,1,0.03333333333333333
7677,11207,11208,1,0.03333333333333333
7686,10952,10954,2,0.06666666666666667
7678,10954,10959,5,0.16666666666666666
7678,11002,11005,3,0.1
7678,11017,11018,1,0.03333333333333333
7710,10993,10999,6,0.2
7710,11000,11002,2,0.06666666666666667
7710,11004,11006,2,0.06666666666666667
7710,11084,11085,1,0.03333333333333333
7705,11000,11001,1,0.03333333333333333
7705,11003,11005,2,0.06666666666666667
7705,11062,11063,1,0.03333333333333333
7705,11067,11070,3,0.1
7705,11071,11076,5,0.16666666666666666
7619,11038,11039,1,0.03333333333333333
7619,11051,11054,3,0.1
7800,11095,11096,1,0.03333333333333333
7800,11101,11103,2,0.06666666666666667
7800,11104,11105,1,0.03333333333333333
7807,11115,11116,1,0.03333333333333333
7807,11130,11132,2,0.06666666666666667
7751,11119,11120,1,0.03333333333333333
7751,11121,11127,6,0.2
7834,11149,11154,5,0.16666666666666666
7834,11203,11207,4,0.13333333333333333
7836,11154,11156,2,0.06666666666666667
7928,11324,11325,1,0.03333333333333333
7928,11337,11339,2,0.06666666666666667
7928,11373,11374,1,0.03333333333333333
7928,11380,11392,12,0.4
7928,11395,11397,2,0.06666666666666667
7928,11402,11404,2,0.06666666666666667
7928,11408,11410,2,0.06666666666666667
7928,11412,11416,4,0.13333333333333333
7928,11421,11430,9,0.3
7928,11431,11433,2,0.06666666666666667
7928,11456,11457,1,0.03333333333333333
7928,11465,11468,3,0.1
7928,11469,11473,4,0.13333333333333333
7928,11497,11498,1,0.03333333333333333
7928,11518,11537,19,0.6333333333333333
7909,11334,11336,2,0.06666666666666667
7909,11337,11341,4,0.13333333333333333
7909,11352,11353,1,0.03333333333333333
7909,11354,11356,2,0.06666666666666667
7909,11357,11358,1,0.03333333333333333
7909,11359,11360,1,0.03333333333333333
7909,11362,11365,3,0.1
7909,11368,11374,6,0.2
7909,11378,11396,18,0.6
7909,11397,11398,1,0.03333333333333333
7909,11405,11410,5,0.16666666666666666
7909,11418,11419,1,0.03333333333333333
7909,11421,11422,1,0.03333333333333333
7936,11337,11349,12,0.4
7936,11352,11353,1,0.03333333333333333
7927,11373,11380,7,0.23333333333333334
7927,11381,11388,7,0.23333333333333334
7971,11382,11384,2,0.06666666666666667
7971,11386,11388,2,0.06666666666666667
7971,11389,11390,1,0.03333333333333333
7971,11392,11395,3,0.1
7971,11397,11402,5,0.16666666666666666
7971,11404,11412,8,0.26666666666666666
7971,11413,11418,5,0.16666666666666666
7971,11422,11429,7,0.23333333333333334
7255,11420,11421,1,0.03333333333333333
7255,11669,11670,1,0.03333333333333333
7255,12966,12970,4,0.13333333333333333
7255,12973,12975,2,0.06666666666666667
7255,14008,14009,1,0.03333333333333333
7255,14010,14011,1,0.03333333333333333
7255,14017,14042,25,0.8333333333333334
7255,15067,15069,2,0.06666666666666667
7255,16748,16756,8,0.26666666666666666
7255,16981,16982,1,0.03333333333333333
7255,16983,16984,1,0.03333333333333333
7255,17174,17183,9,0.3
7255,17184,17191,7,0.23333333333333334
7255,17193,17194,1,0.03333333333333333
7997,11425,11428,3,0.1
8002,11444,11445,1,0.03333333333333333
8002,11447,11448,1,0.03333333333333333
8002,11516,11518,2,0.06666666666666667
8005,11445,11447,2,0.06666666666666667
8016,11474,11493,19,0.6333333333333333
8016,11494,11501,7,0.23333333333333334
8016,11504,11505,1,0.03333333333333333
8016,11516,11525,9,0.3
8016,11536,11538,2,0.06666666666666667
8012,11490,11494,4,0.13333333333333333
8012,11496,11497,1,0.03333333333333333
8012,11504,11505,1,0.03333333333333333
7890,11504,11505,1,0.03333333333333333
7890,11532,11540,8,0.26666666666666666
8010,11484,11508,24,0.8
8010,11514,11517,3,0.1
8010,11519,11521,2,0.06666666666666667
8010,11541,11548,7,0.23333333333333334
8010,11550,11551,1,0.03333333333333333
8045,11510,11513,3,0.1
8056,11524,11525,1,0.03333333333333333
8056,11528,11529,1,0.03333333333333333
8056,11532,11537,5,0.16666666666666666
8056,11538,11549,11,0.36666666666666664
8056,11609,11610,1,0.03333333333333333
8056,11612,11613,1,0.03333333333333333
8056,11621,11625,4,0.13333333333333333
8056,11629,11630,1,0.03333333333333333
8041,11512,11536,24,0.8
8019,11541,11542,1,0.03333333333333333
8071,11546,11548,2,0.06666666666666667
8071,11554,11556,2,0.06666666666666667
8071,11557,11558,1,0.03333333333333333
8071,11566,11567,1,0.03333333333333333
8071,11572,11575,3,0.1
8071,11577,11578,1,0.03333333333333333
8059,11548,11586,38,1.2666666666666666
8059,11590,11591,1,0.03333333333333333
8098,11612,11613,1,0.03333333333333333
8098,11680,11681,1,0.03333333333333333
8098,11684,11685,1,0.03333333333333333
8144,11645,11646,1,0.03333333333333333
8144,11649,11656,7,0.23333333333333334
8144,11662,11664,2,0.06666666666666667
8144,11666,11668,2,0.06666666666666667
8144,11682,11684,2,0.06666666666666667
8144,11702,11708,6,0.2
8144,11709,11713,4,0.13333333333333333
8144,11714,11716,2,0.06666666666666667
8144,11722,11726,4,0.13333333333333333
8144,11727,11729,2,0.06666666666666667
8144,11733,11734,1,0.03333333333333333
8144,11737,11742,5,0.16666666666666666
8106,11625,11658,33,1.1
8106,11662,11673,11,0.36666666666666664
8106,11686,11689,3,0.1
8106,11692,11697,5,0.16666666666666666
8106,11706,11709,3,0.1
8106,11710,11713,3,0.1
8106,11714,11733,19,0.6333333333333333
8106,11734,11735,1,0.03333333333333333
8106,11738,11741,3,0.1
8163,11668,11669,1,0.03333333333333333
8178,11697,11705,8,0.26666666666666666
8178,11708,11709,1,0.03333333333333333
8178,11710,11712,2,0.06666666666666667
8178,11722,11728,6,0.2
8200,11738,11744,6,0.2
8200,11762,11766,4,0.13333333333333333
8200,11770,11771,1,0.03333333333333333
8200,11815,11828,13,0.43333333333333335
8200,11832,11833,1,0.03333333333333333
8200,11834,12017,183,6.1
8200,12020,12038,18,0.6
8200,12048,12049,1,0.03333333333333333
8200,12050,12052,2,0.06666666666666667
8200,12058,12070,12,0.4
8200,12074,12075,1,0.03333333333333333
8200,12076,12159,83,2.7666666666666666
8200,12162,12169,7,0.23333333333333334
8200,12171,12173,2,0.06666666666666667
8200,12175,12179,4,0.13333333333333333
8200,12181,12182,1,0.03333333333333333
8200,12184,12195,11,0.36666666666666664
8200,12208,12209,1,0.03333333333333333
8200,12210,12215,5,0.16666666666666666
8200,12216,12218,2,0.06666666666666667
8200,12237,12239,2,0.06666666666666667
8200,12243,12248,5,0.16666666666666666
8200,12251,12337,86,2.8666666666666667
8200,12340,12344,4,0.13333333333333333
8200,12345,12364,19,0.6333333333333333
8200,12367,12413,46,1.5333333333333334
8200,12414,12427,13,0.43333333333333335
8200,12433,12434,1,0.03333333333333333
8200,12437,12438,1,0.03333333333333333
8200,12441,12442,1,0.03333333333333333
8200,12446,12485,39,1.3
8200,12512,12522,10,0.3333333333333333
8200,12524,12527,3,0.1
8138,11770,11771,1,0.03333333333333333
8138,11788,11791,3,0.1
8138,11792,11806,14,0.4666666666666667
8138,11812,11817,5,0.16666666666666666
8138,11819,11824,5,0.16666666666666666
8138,11829,11843,14,0.4666666666666667
8138,11844,11856,12,0.4
8232,11791,11795,4,0.13333333333333333
8232,11799,11800,1,0.03333333333333333
8231,11795,11797,2,0.06666666666666667
8284,11839,11840,1,0.03333333333333333
8284,11859,11860,1,0.03333333333333333
8284,11871,11872,1,0.03333333333333333
8284,11875,11877,2,0.06666666666666667
8284,11880,11881,1,0.03333333333333333
8284,11887,11893,6,0.2
8295,11858,11859,1,0.03333333333333333
8278,11861,11862,1,0.03333333333333333
8287,11861,11863,2,0.06666666666666667
8287,11864,11968,104,3.466666666666667
8287,11976,11982,6,0.2
8287,11992,12001,9,0.3
8287,12012,12121,109,3.6333333333333333
8287,12141,12145,4,0.13333333333333333
8287,12157,12161,4,0.13333333333333333
8287,12165,12661,496,16.533333333333335
8287,12664,12665,1,0.03333333333333333
8287,12668,12669,1,0.03333333333333333
8287,12677,12680,3,0.1
8287,12681,12684,3,0.1
8287,12694,12696,2,0.06666666666666667
8287,12699,12701,2,0.06666666666666667
8287,12716,12717,1,0.03333333333333333
8287,12718,12720,2,0.06666666666666667
8307,11881,11882,1,0.03333333333333333
8307,11893,11894,1,0.03333333333333333
8307,11897,11900,3,0.1
8321,11911,11913,2,0.06666666666666667
8321,11917,11918,1,0.03333333333333333
8321,11924,11930,6,0.2
8321,11935,11936,1,0.03333333333333333
8321,11937,11939,2,0.06666666666666667
8321,11940,11941,1,0.03333333333333333
8321,11942,11945,3,0.1
8324,11917,11921,4,0.13333333333333333
8324,11923,11924,1,0.03333333333333333
8324,11925,11927,2,0.06666666666666667
8324,11928,11929,1,0.03333333333333333
8324,11930,11937,7,0.23333333333333334
8324,11947,11952,5,0.16666666666666666
8324,11954,11957,3,0.1
8324,11960,11965,5,0.16666666666666666
8324,11969,11973,4,0.13333333333333333
8324,11974,11977,3,0.1
8324,11982,11983,1,0.03333333333333333
8324,12091,12092,1,0.03333333333333333
8324,12096,12098,2,0.06666666666666667
8324,12225,12229,4,0.13333333333333333
8324,12232,12233,1,0.03333333333333333
8324,12633,12634,1,0.03333333333333333
8324,12794,12795,1,0.03333333333333333
8318,11928,11929,1,0.03333333333333333
8318,11932,11960,28,0.9333333333333333
8318,11964,11966,2,0.06666666666666667
8318,11996,12012,16,0.5333333333333333
8318,12019,12021,2,0.06666666666666667
8318,12025,12029,4,0.13333333333333333
8318,12050,12051,1,0.03333333333333333
8318,12053,12054,1,0.03333333333333333
8318,12062,12065,3,0.1
8318,12066,12067,1,0.03333333333333333
8318,12068,12069,1,0.03333333333333333
8318,12080,12081,1,0.03333333333333333
8318,12084,12085,1,0.03333333333333333
8318,12089,12092,3,0.1
8318,12094,12096,2,0.06666666666666667
8318,12098,12100,2,0.06666666666666667
8318,12102,12103,1,0.03333333333333333
8318,12105,12106,1,0.03333333333333333
8318,12108,12109,1,0.03333333333333333
8318,12112,12119,7,0.23333333333333334
8318,12124,12125,1,0.03333333333333333
8296,11941,11945,4,0.13333333333333333
8296,11948,11949,1,0.03333333333333333
8296,11968,11969,1,0.03333333333333333
8296,11978,11981,3,0.1
8296,12005,12007,2,0.06666666666666667
8296,12102,12103,1,0.03333333333333333
8328,11945,11948,3,0.1
8328,11949,11950,1,0.03333333333333333
8328,11953,11954,1,0.03333333333333333
8328,11963,11964,1,0.03333333333333333
8370,11973,11974,1,0.03333333333333333
8311,12104,12113,9,0.3
8311,12122,12124,2,0.06666666666666667
8311,12126,12128,2,0.06666666666666667
8311,12157,12168,11,0.36666666666666664
8311,12187,12188,1,0.03333333333333333
8311,12193,12197,4,0.13333333333333333
8311,12240,12252,12,0.4
8311,12411,12451,40,1.3333333333333333
8311,12452,12453,1,0.03333333333333333
8311,12456,12457,1,0.03333333333333333
8311,12458,12463,5,0.16666666666666666
8311,12489,12519,30,1.0
8311,12645,12740,95,3.1666666666666665
8311,12745,12746,1,0.03333333333333333
8311,12749,12750,1,0.03333333333333333
8311,12751,12756,5,0.16666666666666666
8311,12761,12766,5,0.16666666666666666
8311,12784,12786,2,0.06666666666666667
8311,12798,12799,1,0.03333333333333333
8311,12881,12883,2,0.06666666666666667
8311,12884,12891,7,0.23333333333333334
8311,12894,12900,6,0.2
8311,12919,12922,3,0.1
8311,12934,12935,1,0.03333333333333333
8311,12936,12938,2,0.06666666666666667
8311,12944,12948,4,0.13333333333333333
8311,12954,12955,1,0.03333333333333333
8311,12965,12970,5,0.16666666666666666
8311,12973,12974,1,0.03333333333333333
8311,12989,12997,8,0.26666666666666666
8311,13001,13003,2,0.06666666666666667
8311,13010,13012,2,0.06666666666666667
8311,13018,13020,2,0.06666666666666667
8311,13021,13023,2,0.06666666666666667
8311,13829,13830,1,0.03333333333333333
8311,13838,13839,1,0.03333333333333333
8311,13840,13846,6,0.2
8311,13850,13860,10,0.3333333333333333
8311,13862,13863,1,0.03333333333333333
8311,13864,13866,2,0.06666666666666667
8311,13868,13873,5,0.16666666666666666
8311,13877,13879,2,0.06666666666666667
8311,13883,13885,2,0.06666666666666667
8311,13894,13895,1,0.03333333333333333
8311,13896,13904,8,0.26666666666666666
8311,13906,13908,2,0.06666666666666667
8311,13924,13926,2,0.06666666666666667
8311,13927,13930,3,0.1
8311,13932,13934,2,0.06666666666666667
8311,13947,13948,1,0.03333333333333333
8311,13958,13963,5,0.16666666666666666
8311,13966,13967,1,0.03333333333333333
8311,14070,14092,22,0.7333333333333333
8311,14094,14120,26,0.8666666666666667
8311,14122,14127,5,0.16666666666666666
8311,14143,14146,3,0.1
8311,14148,14149,1,0.03333333333333333
8311,14696,14700,4,0.13333333333333333
8311,14776,14779,3,0.1
8311,14825,14826,1,0.03333333333333333
8311,14949,14951,2,0.06666666666666667
8311,14955,14956,1,0.03333333333333333
8311,14959,14960,1,0.03333333333333333
8311,14962,14986,24,0.8
8311,14988,14995,7,0.23333333333333334
8311,15037,15039,2,0.06666666666666667
8311,15072,15073,1,0.03333333333333333
8311,15133,15134,1,0.03333333333333333
8311,15142,15146,4,0.13333333333333333
8311,15147,15217,70,2.3333333333333335
8311,15218,15220,2,0.06666666666666667
8311,15318,15319,1,0.03333333333333333
8311,15321,15324,3,0.1
8311,15327,15329,2,0.06666666666666667
8311,15336,15337,1,0.03333333333333333
8311,15345,15346,1,0.03333333333333333
8311,15352,15368,16,0.5333333333333333
8311,15372,15417,45,1.5
8311,15421,15424,3,0.1
8311,15425,15426,1,0.03333333333333333
8311,15427,15429,2,0.06666666666666667
8311,15430,15434,4,0.13333333333333333
8311,15436,15441,5,0.16666666666666666
8311,15442,15454,12,0.4
8311,15483,15500,17,0.5666666666666667
8311,15501,15523,22,0.7333333333333333
8311,15524,15546,22,0.7333333333333333
8311,15547,15550,3,0.1
8311,15551,15568,17,0.5666666666666667
8311,15570,15589,19,0.6333333333333333
8311,15595,15596,1,0.03333333333333333
8311,15628,15629,1,0.03333333333333333
8311,15630,15718,88,2.933333333333333
8311,15721,15736,15,0.5
8311,15737,15741,4,0.13333333333333333
8311,15755,15757,2,0.06666666666666667
8311,15836,15842,6,0.2
8311,16153,16160,7,0.23333333333333334
8311,16180,16181,1,0.03333333333333333
8311,16201,16203,2,0.06666666666666667
8311,16207,16212,5,0.16666666666666666
8311,16308,16313,5,0.16666666666666666
8311,16338,16340,2,0.06666666666666667
8311,16484,16485,1,0.03333333333333333
8311,16489,16495,6,0.2
8311,16497,16505,8,0.26666666666666666
8311,16508,16516,8,0.26666666666666666
8311,16517,16532,15,0.5
8311,16537,16541,4,0.13333333333333333
8311,16550,16553,3,0.1
8311,16556,16576,20,0.6666666666666666
8311,16577,16581,4,0.13333333333333333
8311,16588,16589,1,0.03333333333333333
8311,16620,16622,2,0.06666666666666667
8311,16624,16632,8,0.26666666666666666
8311,16635,16638,3,0.1
8311,16645,16646,1,0.03333333333333333
8311,16655,16656,1,0.03333333333333333
8311,16661,16662,1,0.03333333333333333
8311,16915,16916,1,0.03333333333333333
8311,16922,16923,1,0.03333333333333333
8311,16924,16926,2,0.06666666666666667
8311,16928,16933,5,0.16666666666666666
8311,16935,16936,1,0.03333333333333333
8311,16975,16980,5,0.16666666666666666
8311,17057,17059,2,0.06666666666666667
8311,17060,17061,1,0.03333333333333333
8311,17065,17080,15,0.5
8311,17085,17086,1,0.03333333333333333
8311,17089,17092,3,0.1
8311,17094,17096,2,0.06666666666666667
8311,17151,17153,2,0.06666666666666667
8311,17187,17188,1,0.03333333333333333
8311,17266,17267,1,0.03333333333333333
8311,17274,17277,3,0.1
8311,17291,17294,3,0.1
8311,17295,17297,2,0.06666666666666667
8311,17615,17638,23,0.7666666666666667
8311,17643,17646,3,0.1
8311,17647,17649,2,0.06666666666666667
8311,17701,17715,14,0.4666666666666667
8311,17719,17722,3,0.1
8311,17725,17728,3,0.1
8311,17847,17887,40,1.3333333333333333
8311,17897,17909,12,0.4
8311,17919,17920,1,0.03333333333333333
8311,17939,17942,3,0.1
8311,17943,17944,1,0.03333333333333333
8311,17945,17948,3,0.1
8311,17957,17966,9,0.3
8311,17967,17971,4,0.13333333333333333
8311,17973,17982,9,0.3
8311,17990,17996,6,0.2
8455,12254,12255,1,0.03333333333333333
8455,12261,12263,2,0.06666666666666667
8455,12268,12271,3,0.1
8441,12256,12259,3,0.1
8441,12260,12261,1,0.03333333333333333
8441,12263,12264,1,0.03333333333333333
8441,12265,12268,3,0.1
8441,12271,12272,1,0.03333333333333333
8441,12333,12337,4,0.13333333333333333
8441,12345,12353,8,0.26666666666666666
8441,12354,12355,1,0.03333333333333333
8441,12390,12403,13,0.43333333333333335
8441,12404,12410,6,0.2
8441,12411,12417,6,0.2
8462,12288,12289,1,0.03333333333333333
8462,12298,12299,1,0.03333333333333333
8462,12301,12305,4,0.13333333333333333
8462,12306,12308,2,0.06666666666666667
8465,12297,12298,1,0.03333333333333333
8465,12299,12300,1,0.03333333333333333
8465,12305,12306,1,0.03333333333333333
8465,12327,12328,1,0.03333333333333333
8475,12351,12352,1,0.03333333333333333
8475,12391,12396,5,0.16666666666666666
8404,12348,12353,5,0.16666666666666666
8493,12380,12385,5,0.16666666666666666
8493,12388,12391,3,0.1
8493,12393,12395,2,0.06666666666666667
8494,12385,12388,3,0.1
8494,12391,12392,1,0.03333333333333333
8494,12449,12450,1,0.03333333333333333
8494,12457,12458,1,0.03333333333333333
8494,12488,12493,5,0.16666666666666666
8494,12495,12500,5,0.16666666666666666
8494,12501,12503,2,0.06666666666666667
8486,12405,12408,3,0.1
8514,12414,12416,2,0.06666666666666667
8530,12450,12451,1,0.03333333333333333
8530,12463,12468,5,0.16666666666666666
8530,12471,12476,5,0.16666666666666666
8529,12455,12456,1,0.03333333333333333
8529,12463,12464,1,0.03333333333333333
8529,12467,12468,1,0.03333333333333333
8539,12469,12471,2,0.06666666666666667
8539,12568,12570,2,0.06666666666666667
8539,12575,12578,3,0.1
8539,12590,12592,2,0.06666666666666667
8539,12598,12600,2,0.06666666666666667
8516,12425,12508,83,2.7666666666666666
8516,12513,12515,2,0.06666666666666667
8557,12537,12538,1,0.03333333333333333
8557,12540,12541,1,0.03333333333333333
8557,12542,12544,2,0.06666666666666667
8557,12545,12546,1,0.03333333333333333
8557,12549,12553,4,0.13333333333333333
8557,12554,12557,3,0.1
8557,12560,12561,1,0.03333333333333333
8557,12576,12577,1,0.03333333333333333
8557,12585,12589,4,0.13333333333333333
8557,12605,12608,3,0.1
8557,12620,12621,1,0.03333333333333333
8557,12638,12641,3,0.1
8557,12644,12645,1,0.03333333333333333
8557,12669,12690,21,0.7
8556,12538,12540,2,0.06666666666666667
8556,12541,12542,1,0.03333333333333333
8556,12544,12545,1,0.03333333333333333
8556,12546,12549,3,0.1
8556,12553,12556,3,0.1
8556,12557,12560,3,0.1
8540,12542,12545,3,0.1
8540,12586,12589,3,0.1
8519,12557,12558,1,0.03333333333333333
8519,12597,12600,3,0.1
8519,12602,12604,2,0.06666666666666667
8519,12605,12606,1,0.03333333333333333
8519,12608,12610,2,0.06666666666666667
8592,12561,12569,8,0.26666666666666666
8593,12573,12577,4,0.13333333333333333
8593,12578,12582,4,0.13333333333333333
8593,12584,12606,22,0.7333333333333333
8593,12608,12610,2,0.06666666666666667
8593,12630,12631,1,0.03333333333333333
8593,12638,12642,4,0.13333333333333333
8593,12654,12656,2,0.06666666666666667
8593,12659,12660,1,0.03333333333333333
8593,12661,12662,1,0.03333333333333333
8678,12649,12650,1,0.03333333333333333
8678,12656,12665,9,0.3
8678,12667,12670,3,0.1
8678,12672,12673,1,0.03333333333333333
8678,12676,12677,1,0.03333333333333333
8678,12681,12687,6,0.2
8678,12688,12696,8,0.26666666666666666
8678,12697,12700,3,0.1
8678,12707,12708,1,0.03333333333333333
8703,12685,12686,1,0.03333333333333333
8703,12693,12704,11,0.36666666666666664
8707,12705,12707,2,0.06666666666666667
8717,12717,12718,1,0.03333333333333333
8719,12731,12732,1,0.03333333333333333
8719,12749,12751,2,0.06666666666666667
8719,12776,12853,77,2.566666666666667
8725,12754,12762,8,0.26666666666666666
8718,12765,12766,1,0.03333333333333333
8718,12776,12777,1,0.03333333333333333
8718,12794,12796,2,0.06666666666666667
8718,12798,12802,4,0.13333333333333333
8718,12810,12814,4,0.13333333333333333
8718,12815,12817,2,0.06666666666666667
8718,12829,12830,1,0.03333333333333333
8718,12834,12838,4,0.13333333333333333
8637,12764,12789,25,0.8333333333333334
8637,12790,12819,29,0.9666666666666667
8637,12827,12932,105,3.5
8637,12933,12999,66,2.2
8786,12822,12823,1,0.03333333333333333
8786,12837,12838,1,0.03333333333333333
8786,12839,12841,2,0.06666666666666667
8786,12886,12892,6,0.2
8786,12897,12898,1,0.03333333333333333
8787,12838,12841,3,0.1
8782,12869,12870,1,0.03333333333333333
8738,12879,12881,2,0.06666666666666667
8738,12887,12889,2,0.06666666666666667
8738,12890,12893,3,0.1
8738,12895,12905,10,0.3333333333333333
8871,12898,12903,5,0.16666666666666666
8871,12905,12906,1,0.03333333333333333
8871,12913,12915,2,0.06666666666666667
8871,12917,12922,5,0.16666666666666666
8756,12882,12912,30,1.0
8756,12918,12919,1,0.03333333333333333
8756,12920,12932,12,0.4
8756,12934,12936,2,0.06666666666666667
8756,12958,12959,1,0.03333333333333333
8756,12961,12969,8,0.26666666666666666
8756,12970,12973,3,0.1
8756,12991,12995,4,0.13333333333333333
8756,13054,13056,2,0.06666666666666667
8756,13107,13109,2,0.06666666666666667
8756,13116,13120,4,0.13333333333333333
8756,13125,13130,5,0.16666666666666666
8901,12921,12934,13,0.43333333333333335
8901,12935,12936,1,0.03333333333333333
8901,12938,12944,6,0.2
8883,12937,12938,1,0.03333333333333333
8883,12939,12941,2,0.06666666666666667
8883,12948,12949,1,0.03333333333333333
8883,12969,12970,1,0.03333333333333333
8883,12977,12978,1,0.03333333333333333
8939,12950,12953,3,0.1
8939,12954,12962,8,0.26666666666666666
8873,12972,12975,3,0.1
8873,12981,12982,1,0.03333333333333333
8873,12984,12986,2,0.06666666666666667
8873,12987,12990,3,0.1
8873,13086,13087,1,0.03333333333333333
8873,13089,13090,1,0.03333333333333333
8873,13101,13102,1,0.03333333333333333
8873,13114,13115,1,0.03333333333333333
8873,13116,13119,3,0.1
8873,13122,13124,2,0.06666666666666667
8873,13153,13155,2,0.06666666666666667
8873,13161,13165,4,0.13333333333333333
8873,13304,13305,1,0.03333333333333333
8873,13320,13321,1,0.03333333333333333
8873,13368,13369,1,0.03333333333333333
8873,13390,13419,29,0.9666666666666667
8873,13422,13428,6,0.2
8873,13429,13438,9,0.3
8873,13440,13448,8,0.26666666666666666
8961,12982,12983,1,0.03333333333333333
8961,12985,12988,3,0.1
8968,12991,13004,13,0.43333333333333335
8968,13006,13009,3,0.1
8968,13010,13015,5,0.16666666666666666
8968,13017,13033,16,0.5333333333333333
8968,13044,13053,9,0.3
8968,13075,13077,2,0.06666666666666667
8968,13092,13093,1,0.03333333333333333
8968,13094,13095,1,0.03333333333333333
8968,13099,13101,2,0.06666666666666667
8968,13104,13105,1,0.03333333333333333
8968,13122,13124,2,0.06666666666666667
8968,13129,13130,1,0.03333333333333333
8968,13135,13137,2,0.06666666666666667
8968,13140,13141,1,0.03333333333333333
8968,13142,13143,1,0.03333333333333333
8968,13144,13145,1,0.03333333333333333
8968,13177,13178,1,0.03333333333333333
8952,13007,13009,2,0.06666666666666667
8952,13013,13117,104,3.466666666666667
8952,13118,13167,49,1.6333333333333333
8952,13169,13179,10,0.3333333333333333
8990,13018,13020,2,0.06666666666666667
8990,13021,13022,1,0.03333333333333333
8983,13015,13027,12,0.4
8992,13028,13029,1,0.03333333333333333
8992,13074,13076,2,0.06666666666666667
8992,13077,13080,3,0.1
8992,13098,13100,2,0.06666666666666667
8992,13111,13117,6,0.2
8992,13119,13123,4,0.13333333333333333
8992,13125,13129,4,0.13333333333333333
8992,13135,13136,1,0.03333333333333333
8992,13141,13145,4,0.13333333333333333
8992,13158,13159,1,0.03333333333333333
8992,13178,13181,3,0.1
8992,13182,13183,1,0.03333333333333333
8992,13194,13195,1,0.03333333333333333
8992,13213,13214,1,0.03333333333333333
8992,13247,13259,12,0.4
8992,13260,13262,2,0.06666666666666667
9030,13107,13111,4,0.13333333333333333
9030,13112,13113,1,0.03333333333333333
9030,13114,13118,4,0.13333333333333333
8906,13124,13125,1,0.03333333333333333
8906,13165,13166,1,0.03333333333333333
8906,13167,13169,2,0.06666666666666667
8906,13184,13187,3,0.1
8906,13190,13191,1,0.03333333333333333
9058,13155,13159,4,0.13333333333333333
9085,13250,13251,1,0.03333333333333333
9085,13275,13278,3,0.1
9085,13279,13286,7,0.23333333333333334
9085,13353,13361,8,0.26666666666666666
9085,13362,13363,1,0.03333333333333333
9085,13364,13365,1,0.03333333333333333
9085,13366,13368,2,0.06666666666666667
9085,13373,13374,1,0.03333333333333333
9085,13537,13542,5,0.16666666666666666
9085,13543,13545,2,0.06666666666666667
9085,13546,13548,2,0.06666666666666667
9112,13273,13274,1,0.03333333333333333
9112,13279,13284,5,0.16666666666666666
9112,13294,13307,13,0.43333333333333335
9112,13325,13329,4,0.13333333333333333
9112,13340,13350,10,0.3333333333333333
9008,13088,13321,233,7.766666666666667
9121,13318,13322,4,0.13333333333333333
9106,13336,13338,2,0.06666666666666667
9106,13339,13349,10,0.3333333333333333
9106,13361,13465,104,3.466666666666667
9106,13470,13473,3,0.1
9106,13477,13504,27,0.9
9106,13506,13507,1,0.03333333333333333
9106,13509,13545,36,1.2
9106,13547,13548,1,0.03333333333333333
9106,13549,13556,7,0.23333333333333334
9106,13557,13566,9,0.3
9106,13569,13633,64,2.1333333333333333
9148,13341,13344,3,0.1
9148,13345,13348,3,0.1
9148,13356,13357,1,0.03333333333333333
9148,13366,13368,2,0.06666666666666667
9148,13369,13370,1,0.03333333333333333
9148,13373,13377,4,0.13333333333333333
9148,13381,13385,4,0.13333333333333333
9148,13392,13393,1,0.03333333333333333
9148,13394,13396,2,0.06666666666666667
9126,13319,13352,33,1.1
9153,13362,13363,1,0.03333333333333333
9153,13384,13386,2,0.06666666666666667
9153,13388,13392,4,0.13333333333333333
9153,13397,13402,5,0.16666666666666666
9153,13410,13412,2,0.06666666666666667
9153,13425,13439,14,0.4666666666666667
9153,13442,13450,8,0.26666666666666666
9162,13366,13378,12,0.4
9162,13381,13382,1,0.03333333333333333
9218,13481,13483,2,0.06666666666666667
9218,13492,13530,38,1.2666666666666666
9218,13533,13538,5,0.16666666666666666
9233,13492,13494,2,0.06666666666666667
9233,13500,13510,10,0.3333333333333333
9233,13512,13514,2,0.06666666666666667
9239,13493,13498,5,0.16666666666666666
9239,13543,13545,2,0.06666666666666667
9239,13555,13574,19,0.6333333333333333
9239,13576,13578,2,0.06666666666666667
9239,13582,13587,5,0.16666666666666666
9239,13593,13594,1,0.03333333333333333
9239,13595,13597,2,0.06666666666666667
9235,13490,13524,34,1.1333333333333333
9235,13525,13528,3,0.1
9235,13530,13531,1,0.03333333333333333
9235,13536,13560,24,0.8
9235,13561,13564,3,0.1
9235,13566,13582,16,0.5333333333333333
9235,13584,13586,2,0.06666666666666667
9235,13598,13614,16,0.5333333333333333
9235,13620,13622,2,0.06666666666666667
9235,13625,13629,4,0.13333333333333333
9235,13630,13631,1,0.03333333333333333
9235,13642,13645,3,0.1
9235,13653,13654,1,0.03333333333333333
9235,13657,13658,1,0.03333333333333333
9200,13524,13525,1,0.03333333333333333
9200,13526,13529,3,0.1
9200,13530,13533,3,0.1
9200,13545,13563,18,0.6
9200,13566,13573,7,0.23333333333333334
9200,13574,13587,13,0.43333333333333335
9200,13589,13591,2,0.06666666666666667
9200,13592,13603,11,0.36666666666666664
9200,13605,13606,1,0.03333333333333333
9200,13610,13612,2,0.06666666666666667
9200,13615,13673,58,1.9333333333333333
9200,13675,13702,27,0.9
9200,13713,13816,103,3.433333333333333
9184,13521,13537,16,0.5333333333333333
9184,13538,13545,7,0.23333333333333334
9184,13553,13556,3,0.1
9184,13560,13561,1,0.03333333333333333
9184,13582,13586,4,0.13333333333333333
9184,13591,13592,1,0.03333333333333333
9184,13648,13653,5,0.16666666666666666
9184,14108,14118,10,0.3333333333333333
9184,14119,14120,1,0.03333333333333333
9184,14135,14137,2,0.06666666666666667
9184,16882,16896,14,0.4666666666666667
9184,17924,17931,7,0.23333333333333334
9184,17933,17960,27,0.9
9184,17962,17964,2,0.06666666666666667
9272,13543,13545,2,0.06666666666666667
9272,13622,13639,17,0.5666666666666667
9270,13548,13552,4,0.13333333333333333
9268,13552,13554,2,0.06666666666666667
9268,13555,13562,7,0.23333333333333334
9278,13557,13560,3,0.1
9278,13564,13567,3,0.1
9278,13569,13570,1,0.03333333333333333
9278,13574,13576,2,0.06666666666666667
9276,13560,13562,2,0.06666666666666667
9276,13564,13566,2,0.06666666666666667
9286,13567,13569,2,0.06666666666666667
9286,13613,13615,2,0.06666666666666667
9286,13625,13629,4,0.13333333333333333
9286,13631,13634,3,0.1
9286,13636,13638,2,0.06666666666666667
9286,13641,13642,1,0.03333333333333333
9286,13649,13664,15,0.5
9286,13665,13681,16,0.5333333333333333
9286,13692,13693,1,0.03333333333333333
9286,13696,13698,2,0.06666666666666667
9199,13531,13577,46,1.5333333333333334
9310,13578,13579,1,0.03333333333333333
9310,13582,13585,3,0.1
9310,13590,13591,1,0.03333333333333333
9253,13601,13608,7,0.23333333333333334
9253,13614,13615,1,0.03333333333333333
9253,13618,13626,8,0.26666666666666666
9322,13610,13611,1,0.03333333333333333
9338,13610,13622,12,0.4
9371,13652,13661,9,0.3
9371,13700,13701,1,0.03333333333333333
9371,13706,13708,2,0.06666666666666667
9371,13721,13722,1,0.03333333333333333
9371,13726,13728,2,0.06666666666666667
9371,13737,13740,3,0.1
9371,13742,13744,2,0.06666666666666667
9371,13754,13756,2,0.06666666666666667
9371,13768,13773,5,0.16666666666666666
9371,13780,13781,1,0.03333333333333333
9371,13981,13986,5,0.16666666666666666
9371,13987,13988,1,0.03333333333333333
9378,13658,13665,7,0.23333333333333334
9355,13662,13666,4,0.13333333333333333
9388,13669,13670,1,0.03333333333333333
9388,13686,13688,2,0.06666666666666667
9388,13713,13717,4,0.13333333333333333
9388,13720,13721,1,0.03333333333333333
9388,13728,13729,1,0.03333333333333333
9388,13732,13761,29,0.9666666666666667
9388,13774,13776,2,0.06666666666666667
9388,13786,13794,8,0.26666666666666666
9423,13710,13713,3,0.1
9423,13716,13717,1,0.03333333333333333
9423,13719,13721,2,0.06666666666666667
9423,13722,13724,2,0.06666666666666667
9423,13725,13726,1,0.03333333333333333
9423,13729,13730,1,0.03333333333333333
9423,13758,13759,1,0.03333333333333333
9423,13766,13770,4,0.13333333333333333
9423,13773,13774,1,0.03333333333333333
9423,13777,13778,1,0.03333333333333333
9423,13788,13789,1,0.03333333333333333
9423,13790,13802,12,0.4
9423,13814,13816,2,0.06666666666666667
9423,13833,13834,1,0.03333333333333333
9431,13717,13718,1,0.03333333333333333
9431,13726,13729,3,0.1
9432,13733,13736,3,0.1
9432,13737,13740,3,0.1
9455,13740,13742,2,0.06666666666666667
9455,13869,13870,1,0.03333333333333333
9455,13880,13883,3,0.1
9455,13885,13887,2,0.06666666666666667
9479,13762,13764,2,0.06666666666666667
9479,13766,13768,2,0.06666666666666667
9509,13802,13806,4,0.13333333333333333
9509,13818,13820,2,0.06666666666666667
9509,13827,13829,2,0.06666666666666667
9509,13856,13858,2,0.06666666666666667
9509,13877,13878,1,0.03333333333333333
9509,13882,13910,28,0.9333333333333333
9509,13922,13926,4,0.13333333333333333
9509,13936,13952,16,0.5333333333333333
9520,13850,13853,3,0.1
9520,13856,13858,2,0.06666666666666667
9520,13862,13863,1,0.03333333333333333
9520,13865,13866,1,0.03333333333333333
9520,13868,13870,2,0.06666666666666667
9520,13895,13898,3,0.1
9520,13899,13903,4,0.13333333333333333
9520,13916,13924,8,0.26666666666666666
9520,13926,13929,3,0.1
9520,13930,13932,2,0.06666666666666667
9520,13934,13941,7,0.23333333333333334
9520,13942,13943,1,0.03333333333333333
9520,13947,13948,1,0.03333333333333333
9520,13949,13950,1,0.03333333333333333
9520,13981,13982,1,0.03333333333333333
9520,13986,13987,1,0.03333333333333333
9520,13988,13990,2,0.06666666666666667
9520,13991,13995,4,0.13333333333333333
9520,14000,14003,3,0.1
9520,14010,14011,1,0.03333333333333333
9520,14014,14017,3,0.1
9520,14018,14022,4,0.13333333333333333
9520,14023,14026,3,0.1
9520,14038,14039,1,0.03333333333333333
9520,14055,14056,1,0.03333333333333333
9520,14058,14063,5,0.16666666666666666
9520,14274,14276,2,0.06666666666666667
9545,13866,13869,3,0.1
9558,13891,13895,4,0.13333333333333333
9558,13905,13906,1,0.03333333333333333
9574,13926,13936,10,0.3333333333333333
9574,13952,13974,22,0.7333333333333333
9588,13938,13939,1,0.03333333333333333
9588,14003,14008,5,0.16666666666666666
9618,13990,13992,2,0.06666666666666667
9632,14007,14011,4,0.13333333333333333
9632,14015,14027,12,0.4
9632,14030,14038,8,0.26666666666666666
9632,14039,14041,2,0.06666666666666667
9632,14042,14043,1,0.03333333333333333
9640,14031,14032,1,0.03333333333333333
9598,14034,14035,1,0.03333333333333333
9598,14113,14115,2,0.06666666666666667
9598,14118,14119,1,0.03333333333333333
9598,14142,14143,1,0.03333333333333333
9598,14150,14155,5,0.16666666666666666
9598,14158,14164,6,0.2
9598,14165,14166,1,0.03333333333333333
9651,14038,14039,1,0.03333333333333333
9643,14035,14040,5,0.16666666666666666
9643,14041,14108,67,2.2333333333333334
9643,14110,14111,1,0.03333333333333333
9643,14114,14125,11,0.36666666666666664
9643,14189,14191,2,0.06666666666666667
9643,14197,14206,9,0.3
9643,14208,14213,5,0.16666666666666666
9643,14219,14222,3,0.1
9643,14225,14226,1,0.03333333333333333
9643,14230,14231,1,0.03333333333333333
9643,14233,14234,1,0.03333333333333333
9643,14235,14245,10,0.3333333333333333
9643,14253,14254,1,0.03333333333333333
9643,14257,14258,1,0.03333333333333333
9643,14264,14271,7,0.23333333333333334
9643,14274,14275,1,0.03333333333333333
9643,14276,14278,2,0.06666666666666667
9643,14283,14288,5,0.16666666666666666
9643,14315,14317,2,0.06666666666666667
9643,14471,14472,1,0.03333333333333333
9641,14036,14041,5,0.16666666666666666
9656,14045,14047,2,0.06666666666666667
9656,14211,14213,2,0.06666666666666667
9656,14229,14230,1,0.03333333333333333
9656,14264,14275,11,0.36666666666666664
9685,14082,14084,2,0.06666666666666667
9685,14086,14087,1,0.03333333333333333
9700,14096,14097,1,0.03333333333333333
9700,14101,14123,22,0.7333333333333333
9700,14157,14158,1,0.03333333333333333
9700,14161,14165,4,0.13333333333333333
9700,14169,14215,46,1.5333333333333334
9700,14217,14537,320,10.666666666666666
9700,14544,14571,27,0.9
9700,14583,14614,31,1.0333333333333334
9700,14615,14617,2,0.06666666666666667
9700,14620,14747,127,4.233333333333333
9700,14749,14751,2,0.06666666666666667
9700,14754,14755,1,0.03333333333333333
9700,14764,14775,11,0.36666666666666664
9700,14800,14876,76,2.533333333333333
9700,14898,14899,1,0.03333333333333333
9700,14921,14940,19,0.6333333333333333
9700,14941,14946,5,0.16666666666666666
9700,14949,14954,5,0.16666666666666666
9700,14961,14965,4,0.13333333333333333
9700,14968,14969,1,0.03333333333333333
9700,14971,14973,2,0.06666666666666667
9700,14974,14976,2,0.06666666666666667
9700,14981,14987,6,0.2
9700,14988,14989,1,0.03333333333333333
9700,14991,14992,1,0.03333333333333333
9700,14993,14994,1,0.03333333333333333
9700,14995,15002,7,0.23333333333333334
9700,15005,15006,1,0.03333333333333333
9647,14038,14098,60,2.0
9647,14099,14108,9,0.3
9704,14099,14118,19,0.6333333333333333
9726,14131,14138,7,0.23333333333333334
9726,14148,14166,18,0.6
9726,14167,14170,3,0.1
9726,14177,14185,8,0.26666666666666666
9726,14221,14222,1,0.03333333333333333
9726,14225,14229,4,0.13333333333333333
9726,14267,14273,6,0.2
9726,14278,14282,4,0.13333333333333333
9726,14283,14291,8,0.26666666666666666
9754,14130,14146,16,0.5333333333333333
9718,14155,14157,2,0.06666666666666667
9718,14162,14169,7,0.23333333333333334
9718,14178,14179,1,0.03333333333333333
9718,14205,14210,5,0.16666666666666666
9781,14172,14177,5,0.16666666666666666
9801,14203,14205,2,0.06666666666666667
9801,14206,14209,3,0.1
9790,14209,14219,10,0.3333333333333333
9831,14250,14251,1,0.03333333333333333
9831,14253,14264,11,0.36666666666666664
9826,14243,14259,16,0.5333333333333333
9826,14286,14290,4,0.13333333333333333
9826,14291,14293,2,0.06666666666666667
9826,14365,14381,16,0.5333333333333333
9828,14246,14261,15,0.5
9828,14289,14290,1,0.03333333333333333
9828,14293,14294,1,0.03333333333333333
9717,14258,14268,10,0.3333333333333333
9717,14269,14273,4,0.13333333333333333
9717,14274,14275,1,0.03333333333333333
9854,14276,14279,3,0.1
9854,14281,14285,4,0.13333333333333333
9854,14286,14289,3,0.1
9839,14309,14312,3,0.1
9839,14314,14315,1,0.03333333333333333
9839,14319,14324,5,0.16666666666666666
9874,14310,14314,4,0.13333333333333333
9874,14323,14324,1,0.03333333333333333
9874,14358,14360,2,0.06666666666666667
9874,14367,14373,6,0.2
9874,14379,14382,3,0.1
9874,14389,14399,10,0.3333333333333333
9874,14400,14456,56,1.8666666666666667
9874,14468,14470,2,0.06666666666666667
9874,14486,14487,1,0.03333333333333333
9874,14492,14494,2,0.06666666666666667
9874,14496,14497,1,0.03333333333333333
9874,14545,14547,2,0.06666666666666667
9833,14323,14328,5,0.16666666666666666
9833,14334,14336,2,0.06666666666666667
9833,14338,14362,24,0.8
9893,14331,14333,2,0.06666666666666667
9888,14317,14338,21,0.7
9888,14339,14341,2,0.06666666666666667
9888,14359,14360,1,0.03333333333333333
9888,14411,14412,1,0.03333333333333333
9888,14417,14418,1,0.03333333333333333
9901,14351,14353,2,0.06666666666666667
9901,14354,14357,3,0.1
9901,14362,14363,1,0.03333333333333333
9901,14383,14386,3,0.1
9901,14387,14397,10,0.3333333333333333
9901,14456,14458,2,0.06666666666666667
9901,14461,14484,23,0.7666666666666667
9901,14502,14503,1,0.03333333333333333
9901,14506,14507,1,0.03333333333333333
9909,14371,14373,2,0.06666666666666667
9909,14408,14410,2,0.06666666666666667
9909,14516,14519,3,0.1
9935,14406,14407,1,0.03333333333333333
9935,14412,14413,1,0.03333333333333333
9900,14419,14420,1,0.03333333333333333
9789,14427,14430,3,0.1
9789,14432,14435,3,0.1
9955,14432,14436,4,0.13333333333333333
9955,14479,14485,6,0.2
9955,14496,14506,10,0.3333333333333333
9945,14446,14447,1,0.03333333333333333
9945,14453,14454,1,0.03333333333333333
9945,14462,14463,1,0.03333333333333333
9945,14482,14497,15,0.5
9945,14498,14507,9,0.3
9969,14471,14472,1,0.03333333333333333
9977,14472,14482,10,0.3333333333333333
10009,14503,14506,3,0.1
10010,14504,14515,11,0.36666666666666664
10010,14516,14518,2,0.06666666666666667
10010,14526,14527,1,0.03333333333333333
10010,14628,14629,1,0.03333333333333333
10035,14596,14600,4,0.13333333333333333
10035,14604,14607,3,0.1
10035,14608,14609,1,0.03333333333333333
10035,14611,14612,1,0.03333333333333333
10035,14617,14621,4,0.13333333333333333
10035,14625,14631,6,0.2
10035,14633,14635,2,0.06666666666666667
10035,14639,14640,1,0.03333333333333333
10035,14649,14651,2,0.06666666666666667
10044,14609,14610,1,0.03333333333333333
10044,14611,14612,1,0.03333333333333333
10044,14613,14615,2,0.06666666666666667
10044,14622,14624,2,0.06666666666666667
10044,14629,14632,3,0.1
10044,14644,14646,2,0.06666666666666667
10044,14647,14649,2,0.06666666666666667
10044,14668,14671,3,0.1
10044,14687,14688,1,0.03333333333333333
10044,14712,14713,1,0.03333333333333333
10044,14716,14717,1,0.03333333333333333
10044,14719,14720,1,0.03333333333333333
10042,14616,14624,8,0.26666666666666666
10042,14634,14641,7,0.23333333333333334
10042,14661,14663,2,0.06666666666666667
10042,14740,14741,1,0.03333333333333333
10042,14747,14751,4,0.13333333333333333
10042,14761,14763,2,0.06666666666666667
10042,14767,14768,1,0.03333333333333333
10042,14769,14771,2,0.06666666666666667
10042,14890,14892,2,0.06666666666666667
10012,14634,14640,6,0.2
10012,14658,14778,120,4.0
10012,14783,14789,6,0.2
10012,14795,14799,4,0.13333333333333333
10012,14802,14803,1,0.03333333333333333
10012,14804,14809,5,0.16666666666666666
10012,14812,14814,2,0.06666666666666667
10012,14816,14827,11,0.36666666666666664
10012,14829,14831,2,0.06666666666666667
10012,14835,14856,21,0.7
10012,14863,14864,1,0.03333333333333333
10012,14872,14881,9,0.3
10063,14633,14644,11,0.36666666666666664
10063,14646,14647,1,0.03333333333333333
10062,14660,14661,1,0.03333333333333333
10022,14693,14697,4,0.13333333333333333
10022,14703,14704,1,0.03333333333333333
10146,14792,14802,10,0.3333333333333333
10146,14803,14804,1,0.03333333333333333
10146,14813,14814,1,0.03333333333333333
10146,14929,14930,1,0.03333333333333333
10146,14931,14933,2,0.06666666666666667
10163,14806,14826,20,0.6666666666666666
10163,14836,14843,7,0.23333333333333334
10163,14844,14848,4,0.13333333333333333
10163,14849,14853,4,0.13333333333333333
10163,14944,14946,2,0.06666666666666667
10148,14808,14848,40,1.3333333333333333
10187,14852,14860,8,0.26666666666666666
10187,14861,14866,5,0.16666666666666666
10187,14870,14873,3,0.1
10187,14878,14885,7,0.23333333333333334
10187,14889,14897,8,0.26666666666666666
10187,14898,14901,3,0.1
10187,14941,14942,1,0.03333333333333333
10187,14946,14948,2,0.06666666666666667
10184,14884,14885,1,0.03333333333333333
10184,14904,14905,1,0.03333333333333333
10253,14916,14917,1,0.03333333333333333
10253,14968,14970,2,0.06666666666666667
10253,14983,14984,1,0.03333333333333333
10253,14985,14986,1,0.03333333333333333
10258,14918,14925,7,0.23333333333333334
10299,14974,14983,9,0.3
10299,14984,15010,26,0.8666666666666667
10299,15017,15019,2,0.06666666666666667
10299,15021,15022,1,0.03333333333333333
10299,15031,15033,2,0.06666666666666667
10299,15038,15042,4,0.13333333333333333
10299,15043,15045,2,0.06666666666666667
10299,15046,15047,1,0.03333333333333333
10299,15049,15054,5,0.16666666666666666
10299,15074,15075,1,0.03333333333333333
10299,15077,15078,1,0.03333333333333333
10299,15092,15093,1,0.03333333333333333
10299,15095,15096,1,0.03333333333333333
10299,15106,15107,1,0.03333333333333333
10299,15109,15110,1,0.03333333333333333
10299,15112,15115,3,0.1
10337,15012,15013,1,0.03333333333333333
10349,15034,15035,1,0.03333333333333333
10349,15037,15038,1,0.03333333333333333
10349,15039,15043,4,0.13333333333333333
10336,15037,15039,2,0.06666666666666667
10336,15041,15042,1,0.03333333333333333
10343,15048,15049,1,0.03333333333333333
10343,15050,15051,1,0.03333333333333333
10343,15061,15062,1,0.03333333333333333
10343,15063,15064,1,0.03333333333333333
10343,15101,15102,1,0.03333333333333333
10343,15131,15132,1,0.03333333333333333
10343,15148,15150,2,0.06666666666666667
10343,15154,15155,1,0.03333333333333333
10343,15157,15159,2,0.06666666666666667
10343,15163,15166,3,0.1
10343,15167,15169,2,0.06666666666666667
10343,15172,15174,2,0.06666666666666667
10343,15175,15179,4,0.13333333333333333
10343,15180,15182,2,0.06666666666666667
10343,15188,15190,2,0.06666666666666667
10343,15191,15194,3,0.1
10343,15199,15200,1,0.03333333333333333
10420,15110,15111,1,0.03333333333333333
10444,15157,15158,1,0.03333333333333333
10458,15166,15167,1,0.03333333333333333
10458,15168,15183,15,0.5
10458,15184,15186,2,0.06666666666666667
10458,15187,15188,1,0.03333333333333333
10458,15191,15192,1,0.03333333333333333
10458,15198,15202,4,0.13333333333333333
10458,15206,15207,1,0.03333333333333333
10458,15215,15216,1,0.03333333333333333
10458,15217,15219,2,0.06666666666666667
10458,15240,15242,2,0.06666666666666667
10458,15260,15265,5,0.16666666666666666
10458,15345,15348,3,0.1
10459,15166,15167,1,0.03333333333333333
10459,15168,15172,4,0.13333333333333333
10459,15174,15175,1,0.03333333333333333
10421,15129,15210,81,2.7
10421,15218,15223,5,0.16666666666666666
10421,15225,15232,7,0.23333333333333334
10421,15241,15247,6,0.2
10421,15251,15256,5,0.16666666666666666
10421,15260,15274,14,0.4666666666666667
10401,15217,15222,5,0.16666666666666666
10469,15282,15283,1,0.03333333333333333
10469,15285,15288,3,0.1
10533,15388,15389,1,0.03333333333333333
10533,15390,15392,2,0.06666666666666667
10533,15398,15400,2,0.06666666666666667
10530,15400,15402,2,0.06666666666666667
10530,15405,15406,1,0.03333333333333333
10535,15417,15425,8,0.26666666666666666
10538,15431,15432,1,0.03333333333333333
10538,15433,15437,4,0.13333333333333333
10538,15439,15442,3,0.1
10538,15443,15444,1,0.03333333333333333
10538,15448,15452,4,0.13333333333333333
10499,15471,15473,2,0.06666666666666667
10499,15475,15477,2,0.06666666666666667
10548,15495,15497,2,0.06666666666666667
10534,15497,15498,1,0.03333333333333333
10528,15500,15501,1,0.03333333333333333
10528,15503,15504,1,0.03333333333333333
10528,15570,15571,1,0.03333333333333333
10544,15519,15520,1,0.03333333333333333
10544,15523,15532,9,0.3
10544,15533,15589,56,1.8666666666666667
10544,15591,15592,1,0.03333333333333333
10544,15599,15612,13,0.43333333333333335
10544,15615,15618,3,0.1
10544,15619,15628,9,0.3
10544,15629,15630,1,0.03333333333333333
10544,15631,15642,11,0.36666666666666664
10544,15657,15658,1,0.03333333333333333
10555,15521,15522,1,0.03333333333333333
10555,15528,15530,2,0.06666666666666667
10555,15531,15533,2,0.06666666666666667
10555,15539,15540,1,0.03333333333333333
10555,15541,15542,1,0.03333333333333333
10559,15533,15536,3,0.1
10559,15538,15539,1,0.03333333333333333
10559,15540,15541,1,0.03333333333333333
10559,15548,15550,2,0.06666666666666667
10559,15587,15588,1,0.03333333333333333
10559,15593,15594,1,0.03333333333333333
10559,15600,15609,9,0.3
10559,15642,15645,3,0.1
10588,15587,15589,2,0.06666666666666667
10588,15593,15594,1,0.03333333333333333
10588,15644,15647,3,0.1
10588,15665,15666,1,0.03333333333333333
10588,15690,15703,13,0.43333333333333335
10585,15585,15591,6,0.2
10585,15592,15596,4,0.13333333333333333
10613,15661,15663,2,0.06666666666666667
10631,15703,15711,8,0.26666666666666666
10638,15720,15727,7,0.23333333333333334
10638,15732,15736,4,0.13333333333333333
10638,15737,15741,4,0.13333333333333333
10638,15743,15744,1,0.03333333333333333
10638,15788,15794,6,0.2
10638,15802,15806,4,0.13333333333333333
10638,15817,15820,3,0.1
10638,15824,15832,8,0.26666666666666666
10638,15884,15885,1,0.03333333333333333
10646,15743,15752,9,0.3
10646,15757,15761,4,0.13333333333333333
10646,15815,15816,1,0.03333333333333333
10646,15818,15821,3,0.1
10649,15757,15761,4,0.13333333333333333
10656,15781,15782,1,0.03333333333333333
10656,15817,15820,3,0.1
10656,15823,15824,1,0.03333333333333333
10656,15831,15832,1,0.03333333333333333
10656,15841,15843,2,0.06666666666666667
10656,15921,15922,1,0.03333333333333333
10655,15794,15797,3,0.1
10665,15821,15823,2,0.06666666666666667
10665,15840,15841,1,0.03333333333333333
10665,15867,15872,5,0.16666666666666666
10665,15893,15894,1,0.03333333333333333
10665,15914,15917,3,0.1
10522,15408,15871,463,15.433333333333334
10522,15872,15997,125,4.166666666666667
10700,15873,15892,19,0.6333333333333333
10700,15900,15902,2,0.06666666666666667
10728,15913,15917,4,0.13333333333333333
10728,15988,15991,3,0.1
10728,15992,15993,1,0.03333333333333333
10728,15996,16001,5,0.16666666666666666
10737,15932,15933,1,0.03333333333333333
10737,15934,15936,2,0.06666666666666667
10737,15938,15954,16,0.5333333333333333
10737,15974,15980,6,0.2
10737,15983,15991,8,0.26666666666666666
10737,15995,16011,16,0.5333333333333333
10695,15962,15964,2,0.06666666666666667
10643,15983,15984,1,0.03333333333333333
10643,15986,15989,3,0.1
10643,15990,15991,1,0.03333333333333333
10768,15991,15995,4,0.13333333333333333
10768,16001,16004,3,0.1
10768,16017,16023,6,0.2
10768,16035,16040,5,0.16666666666666666
10768,16056,16057,1,0.03333333333333333
10708,15949,16001,52,1.7333333333333334
10775,15997,16017,20,0.6666666666666666
10775,16018,16019,1,0.03333333333333333
10785,16032,16035,3,0.1
10785,16036,16037,1,0.03333333333333333
10785,16070,16071,1,0.03333333333333333
10785,16080,16084,4,0.13333333333333333
10785,16088,16090,2,0.06666666666666667
10786,16043,16051,8,0.26666666666666666
10786,16053,16070,17,0.5666666666666667
10786,16079,16083,4,0.13333333333333333
10786,16084,16091,7,0.23333333333333334
10786,16103,16105,2,0.06666666666666667
10786,16123,16124,1,0.03333333333333333
10786,16126,16130,4,0.13333333333333333
10786,16134,16139,5,0.16666666666666666
10786,16141,16142,1,0.03333333333333333
10786,16159,16160,1,0.03333333333333333
10786,16161,16166,5,0.16666666666666666
10828,16095,16102,7,0.23333333333333334
10834,16151,16152,1,0.03333333333333333
10834,16159,16160,1,0.03333333333333333
10834,16172,16175,3,0.1
10834,16176,16177,1,0.03333333333333333
10861,16181,16182,1,0.03333333333333333
10861,16186,16187,1,0.03333333333333333
10861,16199,16226,27,0.9
10861,16229,16260,31,1.0333333333333334
10861,16261,16264,3,0.1
10861,16266,16379,113,3.7666666666666666
10861,16383,16384,1,0.03333333333333333
10899,16211,16213,2,0.06666666666666667
10811,16225,16231,6,0.2
10908,16249,16251,2,0.06666666666666667
10908,16257,16264,7,0.23333333333333334
10908,16265,16266,1,0.03333333333333333
10908,16280,16287,7,0.23333333333333334
10908,16295,16296,1,0.03333333333333333
10908,16374,16376,2,0.06666666666666667
10908,16379,16380,1,0.03333333333333333
10957,16305,16307,2,0.06666666666666667
10957,16313,16315,2,0.06666666666666667
10957,16371,16376,5,0.16666666666666666
10957,16377,16379,2,0.06666666666666667
10956,16326,16340,14,0.4666666666666667
10956,16348,16352,4,0.13333333333333333
10956,16362,16364,2,0.06666666666666667
10956,16759,16762,3,0.1
10956,16763,16764,1,0.03333333333333333
10988,16372,16391,19,0.6333333333333333
10959,16486,16488,2,0.06666666666666667
11013,16495,16496,1,0.03333333333333333
11056,16523,16531,8,0.26666666666666666
11056,16532,16537,5,0.16666666666666666
11064,16536,16541,5,0.16666666666666666
11064,16549,16552,3,0.1
11064,16668,16669,1,0.03333333333333333
11096,16546,16547,1,0.03333333333333333
11096,16548,16550,2,0.06666666666666667
11096,16554,16556,2,0.06666666666666667
11096,16562,16563,1,0.03333333333333333
11096,16564,16567,3,0.1
11096,16568,16577,9,0.3
11019,16562,16564,2,0.06666666666666667
11019,16568,16570,2,0.06666666666666667
11019,16578,16580,2,0.06666666666666667
11019,16585,16588,3,0.1
11019,16589,16590,1,0.03333333333333333
11019,16592,16593,1,0.03333333333333333
11019,16597,16600,3,0.1
11019,16602,16606,4,0.13333333333333333
11019,16610,16614,4,0.13333333333333333
11019,16615,16618,3,0.1
11019,16636,16640,4,0.13333333333333333
11127,16611,16615,4,0.13333333333333333
11130,16622,16624,2,0.06666666666666667
11130,16632,16636,4,0.13333333333333333
11137,16643,16644,1,0.03333333333333333
11095,16673,16678,5,0.16666666666666666
11095,16692,16954,262,8.733333333333333
11095,16955,17228,273,9.1
11095,17233,17293,60,2.0
11157,16744,16747,3,0.1
11176,16786,16787,1,0.03333333333333333
11203,16810,16811,1,0.03333333333333333
11203,16818,16819,1,0.03333333333333333
11192,16819,16820,1,0.03333333333333333
11192,16871,16872,1,0.03333333333333333
11161,16859,16861,2,0.06666666666666667
11161,16866,16867,1,0.03333333333333333
11161,16896,16897,1,0.03333333333333333
11161,16926,16930,4,0.13333333333333333
11161,16971,16972,1,0.03333333333333333
11211,16858,16862,4,0.13333333333333333
11206,16866,16870,4,0.13333333333333333
11206,16893,16898,5,0.16666666666666666
11206,16905,16906,1,0.03333333333333333
11206,16918,16921,3,0.1
11233,16876,16888,12,0.4
11233,16889,16890,1,0.03333333333333333
11233,16902,16906,4,0.13333333333333333
11233,16947,16948,1,0.03333333333333333
11233,16952,16954,2,0.06666666666666667
11233,16998,17004,6,0.2
11233,17016,17018,2,0.06666666666666667
11233,17031,17032,1,0.03333333333333333
11233,17036,17039,3,0.1
11233,17041,17042,1,0.03333333333333333
11233,17057,17059,2,0.06666666666666667
11233,17068,17069,1,0.03333333333333333
11249,16898,16900,2,0.06666666666666667
11249,16901,16902,1,0.03333333333333333
11249,16903,16905,2,0.06666666666666667
10978,16969,16974,5,0.16666666666666666
11277,16973,16974,1,0.03333333333333333
11277,16990,16991,1,0.03333333333333333
11277,16998,17001,3,0.1
11277,17005,17006,1,0.03333333333333333
11277,17011,17012,1,0.03333333333333333
11277,17016,17018,2,0.06666666666666667
11277,17022,17024,2,0.06666666666666667
11277,17028,17029,1,0.03333333333333333
11277,17034,17043,9,0.3
11277,17053,17055,2,0.06666666666666667
11277,17056,17060,4,0.13333333333333333
11277,17068,17073,5,0.16666666666666666
11277,17083,17084,1,0.03333333333333333
11277,17086,17088,2,0.06666666666666667
11277,17097,17098,1,0.03333333333333333
11277,17099,17100,1,0.03333333333333333
11277,17121,17131,10,0.3333333333333333
11313,17004,17005,1,0.03333333333333333
11341,17096,17097,1,0.03333333333333333
11341,17112,17114,2,0.06666666666666667
11359,17143,17144,1,0.03333333333333333
11359,17148,17154,6,0.2
11372,17191,17192,1,0.03333333333333333
11372,17198,17200,2,0.06666666666666667
11372,17204,17206,2,0.06666666666666667
11372,17217,17218,1,0.03333333333333333
11372,17221,17222,1,0.03333333333333333
11399,17249,17250,1,0.03333333333333333
11399,17254,17258,4,0.13333333333333333
11399,17278,17279,1,0.03333333333333333
11399,17286,17288,2,0.06666666666666667
11399,17294,17297,3,0.1
11399,17298,17303,5,0.16666666666666666
11437,17302,17315,13,0.43333333333333335
11437,17327,17330,3,0.1
11437,17331,17332,1,0.03333333333333333
11437,17351,17352,1,0.03333333333333333
11437,17354,17371,17,0.5666666666666667
11437,17375,17378,3,0.1
11437,17387,17389,2,0.06666666666666667
11437,17394,17397,3,0.1
11437,17430,17431,1,0.03333333333333333
11437,17449,17453,4,0.13333333333333333
11437,17459,17462,3,0.1
11437,17474,17481,7,0.23333333333333334
11443,17317,17319,2,0.06666666666666667
11443,17321,17322,1,0.03333333333333333
11443,17379,17381,2,0.06666666666666667
11435,17340,17341,1,0.03333333333333333
11479,17382,17385,3,0.1
11479,17386,17391,5,0.16666666666666666
11479,17394,17395,1,0.03333333333333333
11479,17399,17409,10,0.3333333333333333
11479,17429,17431,2,0.06666666666666667
11466,17397,17398,1,0.03333333333333333
11466,17440,17441,1,0.03333333333333333
11466,17459,17462,3,0.1
11484,17407,17410,3,0.1
11354,17421,17423,2,0.06666666666666667
11354,17427,17429,2,0.06666666666666667
11508,17425,17426,1,0.03333333333333333
11508,17429,17430,1,0.03333333333333333
11508,17482,17484,2,0.06666666666666667
11508,17485,17486,1,0.03333333333333333
11508,17490,17518,28,0.9333333333333333
11535,17431,17451,20,0.6666666666666666
11535,17453,17459,6,0.2
11535,17462,17470,8,0.26666666666666666
11559,17508,17509,1,0.03333333333333333
11559,17530,17531,1,0.03333333333333333
11559,17532,17535,3,0.1
11559,17537,17541,4,0.13333333333333333
11559,17585,17586,1,0.03333333333333333
11559,17589,17594,5,0.16666666666666666
11559,17595,17597,2,0.06666666666666667
11559,17598,17601,3,0.1
11559,17603,17605,2,0.06666666666666667
11559,17624,17625,1,0.03333333333333333
11559,17627,17630,3,0.1
11559,17638,17639,1,0.03333333333333333
11559,17687,17688,1,0.03333333333333333
11559,17690,17692,2,0.06666666666666667
11559,17696,17698,2,0.06666666666666667
11584,17518,17519,1,0.03333333333333333
11607,17569,17573,4,0.13333333333333333
11607,17575,17585,10,0.3333333333333333
11607,17586,17589,3,0.1
11607,17690,17692,2,0.06666666666666667
11607,17698,17699,1,0.03333333333333333
11607,17701,17702,1,0.03333333333333333
11646,17647,17648,1,0.03333333333333333
11646,17790,17791,1,0.03333333333333333
11690,17699,17700,1,0.03333333333333333
11692,17700,17704,4,0.13333333333333333
11692,17869,17870,1,0.03333333333333333
11675,17713,17714,1,0.03333333333333333
11675,17716,17717,1,0.03333333333333333
11675,17726,17728,2,0.06666666666666667
11675,17731,17734,3,0.1
11675,17736,17737,1,0.03333333333333333
11680,17701,17725,24,0.8
11709,17734,17736,2,0.06666666666666667
11699,17773,17774,1,0.03333333333333333
11699,17790,17794,4,0.13333333333333333
11747,17798,17805,7,0.23333333333333334
11747,17826,17829,3,0.1
11747,17830,17831,1,0.03333333333333333
11747,17882,17890,8,0.26666666666666666
11746,17806,17810,4,0.13333333333333333
11746,17812,17814,2,0.06666666666666667
11746,17815,17826,11,0.36666666666666664
11746,17829,17830,1,0.03333333333333333
11748,17845,17846,1,0.03333333333333333
11748,17849,17851,2,0.06666666666666667
11748,17853,17854,1,0.03333333333333333
11748,17880,17882,2,0.06666666666666667
11783,17861,17871,10,0.3333333333333333
11783,17883,17887,4,0.13333333333333333
11783,17948,17957,9,0.3
11783,17997,17998,1,0.03333333333333333
11791,17890,17912,22,0.7333333333333333
11791,17916,17918,2,0.06666666666666667
11791,17920,17926,6,0.2
11791,17930,17932,2,0.06666666666666667
11806,17948,17950,2,0.06666666666666667
11806,17959,17970,11,0.36666666666666664
11806,17973,17976,3,0.1
11790,17950,17952,2,0.06666666666666667
11790,17990,17996,6,0.2
11827,17961,17964,3,0.1
11827,17966,17968,2,0.06666666666666667
11831,17964,17965,1,0.03333333333333333
11831,17968,17969,1,0.03333333333333333
11831,17972,17974,2,0.06666666666666667
11838,17974,17975,1,0.03333333333333333
11838,17984,17985,1,0.03333333333333333
11838,17992,17994,2,0.06666666666666667
