track_id,lost_frame,found_frame,gap_duration_frames,gap_duration_seconds
12,2,3,1,0.03333333333333333
12,12,14,2,0.06666666666666667
12,16,18,2,0.06666666666666667
15,19,20,1,0.03333333333333333
15,62,64,2,0.06666666666666667
15,68,70,2,0.06666666666666667
15,71,72,1,0.03333333333333333
4,26,28,2,0.06666666666666667
4,30,31,1,0.03333333333333333
4,37,38,1,0.03333333333333333
22,37,38,1,0.03333333333333333
22,84,91,7,0.23333333333333334
22,111,115,4,0.13333333333333333
22,120,121,1,0.03333333333333333
22,122,123,1,0.03333333333333333
22,126,133,7,0.23333333333333334
22,136,143,7,0.23333333333333334
22,147,148,1,0.03333333333333333
22,192,193,1,0.03333333333333333
22,195,197,2,0.06666666666666667
22,226,227,1,0.03333333333333333
22,230,231,1,0.03333333333333333
9,71,72,1,0.03333333333333333
9,74,75,1,0.03333333333333333
9,84,88,4,0.13333333333333333
9,89,95,6,0.2
9,98,102,4,0.13333333333333333
9,103,164,61,2.033333333333333
9,172,186,14,0.4666666666666667
9,270,325,55,1.8333333333333333
9,422,423,1,0.03333333333333333
9,454,463,9,0.3
9,477,478,1,0.03333333333333333
9,480,481,1,0.03333333333333333
9,482,485,3,0.1
9,488,511,23,0.7666666666666667
9,546,560,14,0.4666666666666667
9,572,577,5,0.16666666666666666
9,578,579,1,0.03333333333333333
9,586,602,16,0.5333333333333333
9,606,610,4,0.13333333333333333
9,611,620,9,0.3
9,622,625,3,0.1
9,631,639,8,0.26666666666666666
9,641,670,29,0.9666666666666667
9,673,677,4,0.13333333333333333
9,685,686,1,0.03333333333333333
9,692,696,4,0.13333333333333333
9,700,786,86,2.8666666666666667
9,787,795,8,0.26666666666666666
9,806,807,1,0.03333333333333333
13,80,88,8,0.26666666666666666
13,91,92,1,0.03333333333333333
13,95,101,6,0.2
13,111,118,7,0.23333333333333334
13,120,239,119,3.966666666666667
13,246,248,2,0.06666666666666667
13,249,252,3,0.1
13,253,255,2,0.06666666666666667
13,303,358,55,1.8333333333333333
13,370,374,4,0.13333333333333333
13,377,378,1,0.03333333333333333
13,390,393,3,0.1
13,394,395,1,0.03333333333333333
13,397,410,13,0.43333333333333335
13,411,436,25,0.8333333333333334
13,438,448,10,0.3333333333333333
13,463,474,11,0.36666666666666664
13,476,478,2,0.06666666666666667
13,510,514,4,0.13333333333333333
13,517,522,5,0.16666666666666666
13,544,545,1,0.03333333333333333
13,578,583,5,0.16666666666666666
13,624,644,20,0.6666666666666666
13,647,673,26,0.8666666666666667
13,742,770,28,0.9333333333333333
13,773,775,2,0.06666666666666667
13,778,779,1,0.03333333333333333
13,866,869,3,0.1
13,870,871,1,0.03333333333333333
13,872,874,2,0.06666666666666667
13,875,876,1,0.03333333333333333
13,925,926,1,0.03333333333333333
13,928,929,1,0.03333333333333333
13,937,951,14,0.4666666666666667
13,953,995,42,1.4
13,998,1010,12,0.4
13,1011,1014,3,0.1
13,1016,1021,5,0.16666666666666666
13,1046,1047,1,0.03333333333333333
13,1052,1055,3,0.1
13,1079,1080,1,0.03333333333333333
13,1082,1083,1,0.03333333333333333
13,1086,1088,2,0.06666666666666667
13,1112,1114,2,0.06666666666666667
13,1115,1119,4,0.13333333333333333
13,1120,1122,2,0.06666666666666667
13,1123,1300,177,5.9
13,1312,1313,1,0.03333333333333333
13,1368,1425,57,1.9
13,1503,1506,3,0.1
13,1507,1518,11,0.36666666666666664
13,1519,1520,1,0.03333333333333333
13,1522,1524,2,0.06666666666666667
13,1526,1527,1,0.03333333333333333
13,1530,1531,1,0.03333333333333333
13,1532,1534,2,0.06666666666666667
13,1536,1539,3,0.1
13,1543,1549,6,0.2
13,1556,1559,3,0.1
13,1579,1590,11,0.36666666666666664
13,1603,1605,2,0.06666666666666667
13,1619,1622,3,0.1
13,1623,1831,208,6.933333333333334
13,1833,1845,12,0.4
13,1847,1903,56,1.8666666666666667
13,1907,1914,7,0.23333333333333334
13,1935,1937,2,0.06666666666666667
13,1939,1941,2,0.06666666666666667
13,1963,2009,46,1.5333333333333334
13,2011,2034,23,0.7666666666666667
13,2035,2044,9,0.3
13,2051,2055,4,0.13333333333333333
13,2062,2064,2,0.06666666666666667
13,2068,2070,2,0.06666666666666667
13,2079,2083,4,0.13333333333333333
13,2138,2141,3,0.1
13,2177,2178,1,0.03333333333333333
13,2197,2203,6,0.2
13,2238,2239,1,0.03333333333333333
13,2240,2265,25,0.8333333333333334
13,2268,2269,1,0.03333333333333333
13,2274,2275,1,0.03333333333333333
13,2281,2290,9,0.3
13,2297,2298,1,0.03333333333333333
13,2302,2339,37,1.2333333333333334
13,2341,2342,1,0.03333333333333333
13,2546,2567,21,0.7
13,2607,2610,3,0.1
13,2765,2767,2,0.06666666666666667
13,2768,2769,1,0.03333333333333333
13,2791,2798,7,0.23333333333333334
13,2801,2803,2,0.06666666666666667
13,2804,2810,6,0.2
13,2811,2815,4,0.13333333333333333
13,2824,2825,1,0.03333333333333333
13,2827,2832,5,0.16666666666666666
13,2841,2851,10,0.3333333333333333
13,2854,2861,7,0.23333333333333334
13,2878,2880,2,0.06666666666666667
13,2884,2885,1,0.03333333333333333
13,2889,2896,7,0.23333333333333334
13,2897,2898,1,0.03333333333333333
13,2913,2953,40,1.3333333333333333
13,2954,2997,43,1.4333333333333333
13,2999,3009,10,0.3333333333333333
13,3069,3077,8,0.26666666666666666
13,3088,3114,26,0.8666666666666667
13,3122,3145,23,0.7666666666666667
13,3153,3156,3,0.1
13,3161,3163,2,0.06666666666666667
13,3165,3168,3,0.1
13,3170,3174,4,0.13333333333333333
13,3182,3251,69,2.3
13,3258,3262,4,0.13333333333333333
13,3295,3297,2,0.06666666666666667
13,3298,3300,2,0.06666666666666667
13,3307,3319,12,0.4
13,3320,3334,14,0.4666666666666667
13,3337,3338,1,0.03333333333333333
13,3341,3354,13,0.43333333333333335
13,3359,3360,1,0.03333333333333333
13,3365,3370,5,0.16666666666666666
13,3371,3373,2,0.06666666666666667
13,3377,3507,130,4.333333333333333
13,3518,3581,63,2.1
13,3585,3874,289,9.633333333333333
13,3876,3877,1,0.03333333333333333
13,3878,3886,8,0.26666666666666666
13,3889,3902,13,0.43333333333333335
13,3903,3918,15,0.5
13,3927,3990,63,2.1
13,3997,4001,4,0.13333333333333333
13,4004,4005,1,0.03333333333333333
13,4016,4027,11,0.36666666666666664
13,4028,4031,3,0.1
13,4033,4034,1,0.03333333333333333
13,4037,4038,1,0.03333333333333333
13,4039,4075,36,1.2
13,4076,4092,16,0.5333333333333333
13,4098,4102,4,0.13333333333333333
13,4106,4763,657,21.9
13,4772,4773,1,0.03333333333333333
13,4775,4805,30,1.0
13,4807,4846,39,1.3
13,4881,4905,24,0.8
13,4920,4922,2,0.06666666666666667
13,4925,4927,2,0.06666666666666667
13,4935,4937,2,0.06666666666666667
13,4939,5027,88,2.933333333333333
13,5032,5033,1,0.03333333333333333
13,5034,5036,2,0.06666666666666667
13,5039,5042,3,0.1
13,5043,5046,3,0.1
13,5047,5060,13,0.43333333333333335
13,5078,5091,13,0.43333333333333335
13,5093,5094,1,0.03333333333333333
13,5096,5097,1,0.03333333333333333
13,5106,5107,1,0.03333333333333333
13,5119,5122,3,0.1
13,5133,5134,1,0.03333333333333333
13,5135,5138,3,0.1
13,5139,5140,1,0.03333333333333333
13,5141,5173,32,1.0666666666666667
13,5181,5184,3,0.1
13,5189,5193,4,0.13333333333333333
13,5194,5196,2,0.06666666666666667
13,5199,5226,27,0.9
13,5230,5246,16,0.5333333333333333
13,5252,5284,32,1.0666666666666667
13,5286,5287,1,0.03333333333333333
13,5288,5292,4,0.13333333333333333
13,5298,5316,18,0.6
13,5322,5323,1,0.03333333333333333
13,5335,5347,12,0.4
13,5363,5367,4,0.13333333333333333
13,5372,5380,8,0.26666666666666666
13,5383,5384,1,0.03333333333333333
13,5394,5396,2,0.06666666666666667
13,5471,5482,11,0.36666666666666664
13,5489,5676,187,6.233333333333333
13,5680,5909,229,7.633333333333334
13,5910,6199,289,9.633333333333333
13,6200,6209,9,0.3
13,6435,6439,4,0.13333333333333333
13,6442,6448,6,0.2
13,6449,6450,1,0.03333333333333333
13,6453,6454,1,0.03333333333333333
13,6455,6463,8,0.26666666666666666
13,6466,6468,2,0.06666666666666667
13,6491,6505,14,0.4666666666666667
13,6507,6516,9,0.3
13,6520,6540,20,0.6666666666666666
13,6541,6543,2,0.06666666666666667
13,6545,6590,45,1.5
13,6591,6592,1,0.03333333333333333
13,6597,6738,141,4.7
13,6742,6743,1,0.03333333333333333
13,6754,6755,1,0.03333333333333333
13,6759,6786,27,0.9
13,6787,6789,2,0.06666666666666667
13,6793,6853,60,2.0
13,6873,6944,71,2.3666666666666667
13,6950,6960,10,0.3333333333333333
13,6963,6982,19,0.6333333333333333
13,6983,6985,2,0.06666666666666667
13,6991,6994,3,0.1
13,6995,6997,2,0.06666666666666667
13,7001,7007,6,0.2
13,7011,7016,5,0.16666666666666666
13,7018,7022,4,0.13333333333333333
13,7030,7255,225,7.5
13,7257,7336,79,2.6333333333333333
13,7337,7341,4,0.13333333333333333
13,7342,8107,765,25.5
13,8136,8341,205,6.833333333333333
13,8344,8372,28,0.9333333333333333
13,8373,8374,1,0.03333333333333333
13,8383,8387,4,0.13333333333333333
13,8394,8626,232,7.733333333333333
13,8627,8630,3,0.1
13,8631,8632,1,0.03333333333333333
13,8633,8636,3,0.1
13,8637,8638,1,0.03333333333333333
13,8639,8640,1,0.03333333333333333
13,8641,8642,1,0.03333333333333333
13,8643,8648,5,0.16666666666666666
13,8649,8650,1,0.03333333333333333
13,8651,8653,2,0.06666666666666667
13,8660,8662,2,0.06666666666666667
13,8663,8664,1,0.03333333333333333
13,8678,8690,12,0.4
13,8746,8751,5,0.16666666666666666
13,8753,8754,1,0.03333333333333333
13,8769,9053,284,9.466666666666667
13,9054,9055,1,0.03333333333333333
13,9127,9143,16,0.5333333333333333
13,9146,9147,1,0.03333333333333333
13,9157,9158,1,0.03333333333333333
13,9160,9167,7,0.23333333333333334
13,9223,9452,229,7.633333333333334
13,9455,9520,65,2.1666666666666665
13,9521,9523,2,0.06666666666666667
13,9530,9532,2,0.06666666666666667
13,9593,9594,1,0.03333333333333333
13,9596,9598,2,0.06666666666666667
13,9603,9605,2,0.06666666666666667
13,9606,9913,307,10.233333333333333
13,9914,9923,9,0.3
13,9925,9979,54,1.8
13,9988,9990,2,0.06666666666666667
13,9991,9993,2,0.06666666666666667
13,9996,10001,5,0.16666666666666666
13,10047,10053,6,0.2
13,10062,10063,1,0.03333333333333333
13,10123,10536,413,13.766666666666667
13,10545,10546,1,0.03333333333333333
13,10547,10577,30,1.0
13,10579,10580,1,0.03333333333333333
13,10592,10601,9,0.3
13,10616,10617,1,0.03333333333333333
13,10620,10621,1,0.03333333333333333
13,10630,10715,85,2.8333333333333335
13,10722,10723,1,0.03333333333333333
13,10728,10840,112,3.7333333333333334
13,10851,10880,29,0.9666666666666667
13,10885,10890,5,0.16666666666666666
13,10891,10909,18,0.6
13,11194,11195,1,0.03333333333333333
13,11197,11200,3,0.1
13,11204,11230,26,0.8666666666666667
13,11232,11233,1,0.03333333333333333
13,11237,11238,1,0.03333333333333333
13,11239,11240,1,0.03333333333333333
13,11241,11242,1,0.03333333333333333
13,11253,11321,68,2.2666666666666666
13,11324,11326,2,0.06666666666666667
13,11328,11329,1,0.03333333333333333
13,11338,11341,3,0.1
13,11342,11343,1,0.03333333333333333
13,11365,11370,5,0.16666666666666666
13,11372,11374,2,0.06666666666666667
13,11377,11380,3,0.1
13,11382,11397,15,0.5
13,11399,11437,38,1.2666666666666666
13,11445,11446,1,0.03333333333333333
13,11447,11454,7,0.23333333333333334
13,11457,11468,11,0.36666666666666664
13,11469,11471,2,0.06666666666666667
13,11473,11477,4,0.13333333333333333
13,11783,11815,32,1.0666666666666667
13,11847,11856,9,0.3
13,11857,11859,2,0.06666666666666667
13,11860,11864,4,0.13333333333333333
13,11865,11873,8,0.26666666666666666
13,11941,11947,6,0.2
13,11953,11981,28,0.9333333333333333
13,11985,11997,12,0.4
13,12001,12005,4,0.13333333333333333
13,12009,12016,7,0.23333333333333334
13,12017,12020,3,0.1
13,12021,12044,23,0.7666666666666667
13,12046,12055,9,0.3
13,12057,12058,1,0.03333333333333333
13,12059,12061,2,0.06666666666666667
13,12067,12068,1,0.03333333333333333
13,12069,12070,1,0.03333333333333333
13,12072,12073,1,0.03333333333333333
13,12080,12275,195,6.5
13,12283,12472,189,6.3
13,12474,12475,1,0.03333333333333333
13,12522,12524,2,0.06666666666666667
13,12525,12529,4,0.13333333333333333
13,12530,12533,3,0.1
13,12540,12558,18,0.6
13,12559,12560,1,0.03333333333333333
13,12578,12581,3,0.1
13,12604,12605,1,0.03333333333333333
13,12606,12616,10,0.3333333333333333
13,12617,12670,53,1.7666666666666666
13,12682,12684,2,0.06666666666666667
13,12692,12693,1,0.03333333333333333
13,12697,12698,1,0.03333333333333333
13,12706,12729,23,0.7666666666666667
13,12732,12753,21,0.7
13,12763,12769,6,0.2
13,12785,12833,48,1.6
13,12834,12865,31,1.0333333333333334
13,12866,12870,4,0.13333333333333333
13,12873,12874,1,0.03333333333333333
13,12881,12883,2,0.06666666666666667
13,12885,12889,4,0.13333333333333333
13,12905,12906,1,0.03333333333333333
13,12915,12918,3,0.1
13,12932,12933,1,0.03333333333333333
13,12934,12937,3,0.1
13,12958,12963,5,0.16666666666666666
13,12975,13005,30,1.0
13,13006,13008,2,0.06666666666666667
13,13010,13015,5,0.16666666666666666
13,13052,13053,1,0.03333333333333333
13,13063,13068,5,0.16666666666666666
13,13070,13077,7,0.23333333333333334
13,13078,13094,16,0.5333333333333333
13,13100,13101,1,0.03333333333333333
13,13104,13111,7,0.23333333333333334
13,13117,13125,8,0.26666666666666666
13,13130,13137,7,0.23333333333333334
13,13154,13174,20,0.6666666666666666
13,13175,13221,46,1.5333333333333334
13,13254,13288,34,1.1333333333333333
13,13289,13292,3,0.1
13,13294,13303,9,0.3
13,13308,13322,14,0.4666666666666667
13,13329,13332,3,0.1
13,13333,13334,1,0.03333333333333333
13,13406,13407,1,0.03333333333333333
13,13408,13409,1,0.03333333333333333
13,13412,13436,24,0.8
13,13440,13449,9,0.3
13,13452,13453,1,0.03333333333333333
13,13456,13457,1,0.03333333333333333
13,13458,13470,12,0.4
13,13473,13489,16,0.5333333333333333
13,13491,13494,3,0.1
13,13650,13652,2,0.06666666666666667
13,13712,13713,1,0.03333333333333333
13,13714,13715,1,0.03333333333333333
13,13752,13753,1,0.03333333333333333
13,13754,13760,6,0.2
13,13784,13945,161,5.366666666666666
13,13947,13967,20,0.6666666666666666
13,13969,14012,43,1.4333333333333333
13,14014,14019,5,0.16666666666666666
13,14029,14030,1,0.03333333333333333
13,14038,14043,5,0.16666666666666666
13,14090,14091,1,0.03333333333333333
13,14096,14098,2,0.06666666666666667
13,14156,14160,4,0.13333333333333333
13,14178,14185,7,0.23333333333333334
13,14186,14191,5,0.16666666666666666
13,14193,14196,3,0.1
13,14198,14201,3,0.1
13,14210,14211,1,0.03333333333333333
13,14221,14243,22,0.7333333333333333
13,14251,14253,2,0.06666666666666667
13,14254,14265,11,0.36666666666666664
13,14269,14270,1,0.03333333333333333
13,14283,14284,1,0.03333333333333333
13,14285,14290,5,0.16666666666666666
13,14291,14302,11,0.36666666666666664
13,14317,14326,9,0.3
13,14404,14406,2,0.06666666666666667
13,14408,14411,3,0.1
13,14412,14413,1,0.03333333333333333
13,14424,14430,6,0.2
13,14432,14435,3,0.1
13,14453,14473,20,0.6666666666666666
13,14503,14504,1,0.03333333333333333
13,14514,14515,1,0.03333333333333333
13,14554,14555,1,0.03333333333333333
13,14557,14562,5,0.16666666666666666
13,14569,14570,1,0.03333333333333333
13,14572,14576,4,0.13333333333333333
13,14604,14605,1,0.03333333333333333
13,14607,14631,24,0.8
13,14632,14633,1,0.03333333333333333
13,14634,14635,1,0.03333333333333333
13,14645,14673,28,0.9333333333333333
13,14675,14679,4,0.13333333333333333
13,14680,14683,3,0.1
13,14692,14697,5,0.16666666666666666
13,14699,14700,1,0.03333333333333333
13,14701,14704,3,0.1
13,14729,14730,1,0.03333333333333333
13,14734,14737,3,0.1
13,14739,14749,10,0.3333333333333333
13,14755,14756,1,0.03333333333333333
13,14757,14761,4,0.13333333333333333
13,14771,14772,1,0.03333333333333333
13,14777,14778,1,0.03333333333333333
13,14924,14925,1,0.03333333333333333
13,14926,14928,2,0.06666666666666667
13,14934,15107,173,5.766666666666667
13,15110,15114,4,0.13333333333333333
13,15115,15117,2,0.06666666666666667
13,15122,15139,17,0.5666666666666667
13,15143,15148,5,0.16666666666666666
13,15160,15161,1,0.03333333333333333
13,15164,15166,2,0.06666666666666667
13,15169,15200,31,1.0333333333333334
13,15203,15204,1,0.03333333333333333
13,15228,15268,40,1.3333333333333333
13,15273,15275,2,0.06666666666666667
13,15276,15317,41,1.3666666666666667
13,15319,15410,91,3.033333333333333
13,15437,15453,16,0.5333333333333333
13,15456,15460,4,0.13333333333333333
13,15469,15470,1,0.03333333333333333
13,15475,15523,48,1.6
13,15535,15539,4,0.13333333333333333
13,15544,15547,3,0.1
13,15552,15553,1,0.03333333333333333
13,15653,15692,39,1.3
13,15694,15698,4,0.13333333333333333
13,15702,15716,14,0.4666666666666667
13,15776,15777,1,0.03333333333333333
13,15778,15780,2,0.06666666666666667
13,15782,15783,1,0.03333333333333333
13,15791,15792,1,0.03333333333333333
13,15806,15810,4,0.13333333333333333
13,15813,15912,99,3.3
13,15945,15946,1,0.03333333333333333
13,15949,15952,3,0.1
13,15953,15957,4,0.13333333333333333
13,15958,15961,3,0.1
13,15962,16001,39,1.3
13,16082,16189,107,3.566666666666667
13,16251,16273,22,0.7333333333333333
13,16277,16284,7,0.23333333333333334
13,16308,16309,1,0.03333333333333333
13,16360,16362,2,0.06666666666666667
13,16368,16370,2,0.06666666666666667
13,16371,16372,1,0.03333333333333333
13,16381,16386,5,0.16666666666666666
13,16501,16606,105,3.5
13,16716,16731,15,0.5
13,16733,16734,1,0.03333333333333333
13,16735,16766,31,1.0333333333333334
13,16777,16779,2,0.06666666666666667
13,16780,16783,3,0.1
13,16827,16829,2,0.06666666666666667
13,16830,16839,9,0.3
13,16931,16933,2,0.06666666666666667
13,17041,17042,1,0.03333333333333333
13,17044,17046,2,0.06666666666666667
13,17049,17059,10,0.3333333333333333
13,17060,17061,1,0.03333333333333333
13,17064,17065,1,0.03333333333333333
13,17069,17079,10,0.3333333333333333
13,17081,17083,2,0.06666666666666667
13,17088,17097,9,0.3
13,17101,17102,1,0.03333333333333333
13,17104,17124,20,0.6666666666666666
13,17127,17137,10,0.3333333333333333
13,17165,17174,9,0.3
13,17176,17177,1,0.03333333333333333
13,17210,17217,7,0.23333333333333334
13,17234,17241,7,0.23333333333333334
13,17242,17251,9,0.3
13,17252,17307,55,1.8333333333333333
13,17315,17317,2,0.06666666666666667
13,17332,17334,2,0.06666666666666667
13,17359,17362,3,0.1
13,17371,17373,2,0.06666666666666667
13,17378,17379,1,0.03333333333333333
13,17380,17382,2,0.06666666666666667
13,17427,17429,2,0.06666666666666667
13,17437,17441,4,0.13333333333333333
13,17610,17623,13,0.43333333333333335
13,17627,17630,3,0.1
13,17631,17633,2,0.06666666666666667
13,17635,17639,4,0.13333333333333333
13,17640,17643,3,0.1
13,17644,17725,81,2.7
13,17812,17814,2,0.06666666666666667
13,17817,17818,1,0.03333333333333333
13,17821,17822,1,0.03333333333333333
13,17824,17882,58,1.9333333333333333
13,17886,17887,1,0.03333333333333333
13,17935,17936,1,0.03333333333333333
11,146,147,1,0.03333333333333333
11,161,164,3,0.1
11,171,172,1,0.03333333333333333
11,186,188,2,0.06666666666666667
11,190,191,1,0.03333333333333333
11,193,196,3,0.1
11,198,200,2,0.06666666666666667
42,184,186,2,0.06666666666666667
42,205,206,1,0.03333333333333333
42,207,209,2,0.06666666666666667
8,195,196,1,0.03333333333333333
8,198,199,1,0.03333333333333333
67,227,230,3,0.1
75,247,248,1,0.03333333333333333
75,255,263,8,0.26666666666666666
75,264,267,3,0.1
75,272,275,3,0.1
76,256,257,1,0.03333333333333333
76,354,361,7,0.23333333333333334
76,363,367,4,0.13333333333333333
76,380,382,2,0.06666666666666667
85,259,260,1,0.03333333333333333
85,261,265,4,0.13333333333333333
5,270,274,4,0.13333333333333333
5,296,299,3,0.1
5,1013,1027,14,0.4666666666666667
5,1042,1048,6,0.2
5,1376,1377,1,0.03333333333333333
66,304,306,2,0.06666666666666667
66,307,311,4,0.13333333333333333
110,325,328,3,0.1
110,332,334,2,0.06666666666666667
110,354,358,4,0.13333333333333333
50,355,358,3,0.1
50,361,362,1,0.03333333333333333
124,382,384,2,0.06666666666666667
131,424,426,2,0.06666666666666667
131,427,428,1,0.03333333333333333
140,451,453,2,0.06666666666666667
140,479,480,1,0.03333333333333333
153,493,505,12,0.4
154,502,506,4,0.13333333333333333
154,511,513,2,0.06666666666666667
154,587,589,2,0.06666666666666667
3,542,546,4,0.13333333333333333
3,549,550,1,0.03333333333333333
3,557,566,9,0.3
3,1539,1540,1,0.03333333333333333
173,550,557,7,0.23333333333333334
152,566,567,1,0.03333333333333333
152,605,607,2,0.06666666666666667
152,618,619,1,0.03333333333333333
195,663,672,9,0.3
160,806,807,1,0.03333333333333333
160,835,843,8,0.26666666666666666
160,844,846,2,0.06666666666666667
160,853,854,1,0.03333333333333333
160,855,863,8,0.26666666666666666
160,866,870,4,0.13333333333333333
160,884,887,3,0.1
160,889,900,11,0.36666666666666664
160,903,907,4,0.13333333333333333
160,912,914,2,0.06666666666666667
160,916,918,2,0.06666666666666667
244,839,857,18,0.6
260,879,881,2,0.06666666666666667
262,918,922,4,0.13333333333333333
262,927,930,3,0.1
262,961,962,1,0.03333333333333333
261,891,926,35,1.1666666666666667
284,951,953,2,0.06666666666666667
295,956,963,7,0.23333333333333334
291,982,991,9,0.3
291,1001,1004,3,0.1
301,998,1001,3,0.1
299,1002,1003,1,0.03333333333333333
310,1004,1006,2,0.06666666666666667
223,1020,1022,2,0.06666666666666667
316,1054,1055,1,0.03333333333333333
316,1108,1111,3,0.1
322,1092,1094,2,0.06666666666666667
328,1103,1104,1,0.03333333333333333
328,1106,1107,1,0.03333333333333333
341,1115,1122,7,0.23333333333333334
341,1127,1129,2,0.06666666666666667
341,1131,1139,8,0.26666666666666666
341,1158,1159,1,0.03333333333333333
341,1223,1224,1,0.03333333333333333
341,1225,1230,5,0.16666666666666666
341,1372,1373,1,0.03333333333333333
341,1382,1384,2,0.06666666666666667
309,1134,1135,1,0.03333333333333333
367,1171,1172,1,0.03333333333333333
367,1302,1303,1,0.03333333333333333
374,1192,1206,14,0.4666666666666667
374,1208,1209,1,0.03333333333333333
374,1213,1215,2,0.06666666666666667
374,1216,1218,2,0.06666666666666667
374,1219,1223,4,0.13333333333333333
374,1224,1227,3,0.1
374,1228,1233,5,0.16666666666666666
374,1234,1236,2,0.06666666666666667
374,1237,1248,11,0.36666666666666664
374,1252,1254,2,0.06666666666666667
374,1255,1256,1,0.03333333333333333
413,1373,1374,1,0.03333333333333333
416,1387,1389,2,0.06666666666666667
416,1391,1398,7,0.23333333333333334
416,1400,1402,2,0.06666666666666667
416,1534,1535,1,0.03333333333333333
406,1423,1424,1,0.03333333333333333
406,1460,1461,1,0.03333333333333333
438,1441,1442,1,0.03333333333333333
438,1452,1453,1,0.03333333333333333
451,1448,1451,3,0.1
455,1452,1457,5,0.16666666666666666
455,1460,1472,12,0.4
455,1482,1483,1,0.03333333333333333
455,1498,1524,26,0.8666666666666667
455,1535,1619,84,2.8
455,1621,1626,5,0.16666666666666666
455,1627,1897,270,9.0
455,1901,1902,1,0.03333333333333333
455,1903,1904,1,0.03333333333333333
455,1905,1907,2,0.06666666666666667
427,1468,1470,2,0.06666666666666667
427,1472,1473,1,0.03333333333333333
472,1468,1473,5,0.16666666666666666
490,1494,1495,1,0.03333333333333333
490,1503,1504,1,0.03333333333333333
490,1510,1511,1,0.03333333333333333
490,1514,1515,1,0.03333333333333333
490,1516,1518,2,0.06666666666666667
490,1519,1520,1,0.03333333333333333
490,1522,1530,8,0.26666666666666666
490,1544,1546,2,0.06666666666666667
490,1602,1607,5,0.16666666666666666
490,1615,1616,1,0.03333333333333333
490,1619,1621,2,0.06666666666666667
490,1623,1624,1,0.03333333333333333
490,1626,1631,5,0.16666666666666666
490,1633,1636,3,0.1
491,1503,1504,1,0.03333333333333333
494,1503,1508,5,0.16666666666666666
494,1511,1515,4,0.13333333333333333
494,1516,1518,2,0.06666666666666667
478,1486,1510,24,0.8
478,1511,1514,3,0.1
478,1515,1516,1,0.03333333333333333
478,1518,1522,4,0.13333333333333333
497,1523,1524,1,0.03333333333333333
503,1527,1528,1,0.03333333333333333
503,1530,1534,4,0.13333333333333333
503,1536,1539,3,0.1
503,1546,1547,1,0.03333333333333333
503,1550,1562,12,0.4
503,1564,1575,11,0.36666666666666664
503,1577,1587,10,0.3333333333333333
503,1589,1590,1,0.03333333333333333
7,1550,1551,1,0.03333333333333333
7,5153,5154,1,0.03333333333333333
7,5155,5157,2,0.06666666666666667
7,9942,9943,1,0.03333333333333333
519,1556,1559,3,0.1
519,1560,1561,1,0.03333333333333333
431,1564,1566,2,0.06666666666666667
533,1578,1579,1,0.03333333333333333
465,1590,1591,1,0.03333333333333333
593,1697,1698,1,0.03333333333333333
593,1726,1727,1,0.03333333333333333
593,1776,1780,4,0.13333333333333333
601,1730,1749,19,0.6333333333333333
616,1777,1787,10,0.3333333333333333
616,1790,1792,2,0.06666666666666667
616,1865,1868,3,0.1
616,1871,1873,2,0.06666666666666667
609,1781,1790,9,0.3
609,1792,1793,1,0.03333333333333333
634,1862,1864,2,0.06666666666666667
634,1871,1872,1,0.03333333333333333
634,1874,1879,5,0.16666666666666666
634,1881,1895,14,0.4666666666666667
638,1861,1867,6,0.2
644,1869,1871,2,0.06666666666666667
644,1872,1874,2,0.06666666666666667
644,1879,1881,2,0.06666666666666667
644,1887,1889,2,0.06666666666666667
644,1893,1897,4,0.13333333333333333
644,1956,1957,1,0.03333333333333333
668,1923,1924,1,0.03333333333333333
668,1947,1948,1,0.03333333333333333
665,1968,1972,4,0.13333333333333333
678,1965,1973,8,0.26666666666666666
678,1975,1980,5,0.16666666666666666
678,1982,1984,2,0.06666666666666667
678,1991,1992,1,0.03333333333333333
680,2023,2024,1,0.03333333333333333
688,2016,2036,20,0.6666666666666666
688,2039,2048,9,0.3
688,2059,2061,2,0.06666666666666667
688,2088,2089,1,0.03333333333333333
729,2069,2071,2,0.06666666666666667
729,2073,2076,3,0.1
729,2077,2094,17,0.5666666666666667
729,2095,2097,2,0.06666666666666667
694,2080,2081,1,0.03333333333333333
734,2076,2090,14,0.4666666666666667
734,2091,2094,3,0.1
749,2229,2230,1,0.03333333333333333
753,2232,2233,1,0.03333333333333333
758,2230,2233,3,0.1
771,2289,2292,3,0.1
771,2293,2298,5,0.16666666666666666
771,2385,2390,5,0.16666666666666666
461,2322,2325,3,0.1
461,2403,2405,2,0.06666666666666667
461,2411,2425,14,0.4666666666666667
461,2438,2501,63,2.1
461,3435,3440,5,0.16666666666666666
461,3447,3448,1,0.03333333333333333
461,3573,3575,2,0.06666666666666667
461,3937,3939,2,0.06666666666666667
461,4243,4244,1,0.03333333333333333
461,4258,4266,8,0.26666666666666666
461,4280,4282,2,0.06666666666666667
461,4349,4358,9,0.3
461,4360,4361,1,0.03333333333333333
461,4362,4365,3,0.1
461,4366,4367,1,0.03333333333333333
461,4373,4374,1,0.03333333333333333
461,4434,4435,1,0.03333333333333333
461,4442,4445,3,0.1
461,4448,4501,53,1.7666666666666666
461,4502,4505,3,0.1
461,4506,4510,4,0.13333333333333333
461,4512,4522,10,0.3333333333333333
461,4650,4651,1,0.03333333333333333
461,4652,4653,1,0.03333333333333333
803,2352,2353,1,0.03333333333333333
803,2357,2358,1,0.03333333333333333
803,2378,2380,2,0.06666666666666667
816,2392,2393,1,0.03333333333333333
816,2401,2415,14,0.4666666666666667
752,2405,2406,1,0.03333333333333333
819,2393,2417,24,0.8
819,2418,2441,23,0.7666666666666667
819,2442,2623,181,6.033333333333333
819,2635,2636,1,0.03333333333333333
819,2640,2661,21,0.7
819,2663,2666,3,0.1
819,2677,2683,6,0.2
819,2687,2689,2,0.06666666666666667
819,2691,2741,50,1.6666666666666667
819,2757,2759,2,0.06666666666666667
819,2760,2804,44,1.4666666666666666
819,2806,2807,1,0.03333333333333333
819,2809,2812,3,0.1
819,2898,2899,1,0.03333333333333333
819,2901,2928,27,0.9
819,2929,2985,56,1.8666666666666667
819,2986,2987,1,0.03333333333333333
840,2418,2419,1,0.03333333333333333
840,2447,2448,1,0.03333333333333333
808,2422,2423,1,0.03333333333333333
844,2425,2426,1,0.03333333333333333
844,2433,2437,4,0.13333333333333333
844,2439,2441,2,0.06666666666666667
844,2447,2448,1,0.03333333333333333
844,2484,2485,1,0.03333333333333333
844,2512,2519,7,0.23333333333333334
826,2427,2429,2,0.06666666666666667
872,2501,2503,2,0.06666666666666667
892,2508,2509,1,0.03333333333333333
892,2511,2512,1,0.03333333333333333
892,2519,2521,2,0.06666666666666667
892,2560,2562,2,0.06666666666666667
911,2586,2588,2,0.06666666666666667
914,2588,2591,3,0.1
946,2693,2695,2,0.06666666666666667
946,2697,2699,2,0.06666666666666667
946,2712,2713,1,0.03333333333333333
946,2741,2743,2,0.06666666666666667
946,2795,2797,2,0.06666666666666667
953,2695,2697,2,0.06666666666666667
953,2700,2720,20,0.6666666666666666
953,2721,2740,19,0.6333333333333333
952,2709,2711,2,0.06666666666666667
952,2729,2732,3,0.1
952,2737,2738,1,0.03333333333333333
952,2745,2753,8,0.26666666666666666
952,2765,2768,3,0.1
952,2769,2772,3,0.1
952,2782,2784,2,0.06666666666666667
952,2789,2793,4,0.13333333333333333
952,2798,2801,3,0.1
952,2824,2827,3,0.1
952,2828,2829,1,0.03333333333333333
952,2831,2832,1,0.03333333333333333
952,2833,2834,1,0.03333333333333333
952,2836,2844,8,0.26666666666666666
932,2781,2782,1,0.03333333333333333
993,2892,2893,1,0.03333333333333333
993,2897,2898,1,0.03333333333333333
993,2899,2901,2,0.06666666666666667
1042,2965,2973,8,0.26666666666666666
1042,2974,2977,3,0.1
1042,3117,3118,1,0.03333333333333333
1139,3267,3270,3,0.1
1142,3280,3281,1,0.03333333333333333
1142,3285,3286,1,0.03333333333333333
1142,3394,3395,1,0.03333333333333333
1142,3432,3434,2,0.06666666666666667
1135,3286,3288,2,0.06666666666666667
1135,3292,3294,2,0.06666666666666667
1135,3313,3314,1,0.03333333333333333
1135,3325,3328,3,0.1
1146,3298,3322,24,0.8
1146,3325,3328,3,0.1
1146,3330,3336,6,0.2
1146,3337,3342,5,0.16666666666666666
1146,3350,3351,1,0.03333333333333333
1146,3354,3358,4,0.13333333333333333
1146,3361,3369,8,0.26666666666666666
1146,3373,3374,1,0.03333333333333333
1146,3380,3383,3,0.1
1146,3465,3467,2,0.06666666666666667
1146,3473,3479,6,0.2
1146,3481,3485,4,0.13333333333333333
1146,3486,3487,1,0.03333333333333333
1146,3491,3498,7,0.23333333333333334
1146,3500,3501,1,0.03333333333333333
1146,3502,3503,1,0.03333333333333333
1146,3504,3512,8,0.26666666666666666
1146,3521,3522,1,0.03333333333333333
1146,3524,3528,4,0.13333333333333333
1146,3550,3551,1,0.03333333333333333
1146,3562,3563,1,0.03333333333333333
1179,3348,3350,2,0.06666666666666667
1141,3361,3362,1,0.03333333333333333
1141,3365,3366,1,0.03333333333333333
1141,3374,3375,1,0.03333333333333333
1141,3377,3382,5,0.16666666666666666
1180,3367,3369,2,0.06666666666666667
1180,3374,3375,1,0.03333333333333333
1185,3376,3377,1,0.03333333333333333
1185,3378,3379,1,0.03333333333333333
1185,3382,3390,8,0.26666666666666666
1208,3415,3420,5,0.16666666666666666
1208,3430,3434,4,0.13333333333333333
1208,3466,3467,1,0.03333333333333333
1208,3468,3472,4,0.13333333333333333
1208,3473,3476,3,0.1
1208,3478,3479,1,0.03333333333333333
1214,3427,3428,1,0.03333333333333333
1163,3430,3431,1,0.03333333333333333
1163,3692,3703,11,0.36666666666666664
1163,3704,3705,1,0.03333333333333333
1163,3711,3717,6,0.2
1163,3719,3721,2,0.06666666666666667
1163,3724,3726,2,0.06666666666666667
1163,3728,3733,5,0.16666666666666666
1229,3445,3447,2,0.06666666666666667
1229,3448,3449,1,0.03333333333333333
1229,3465,3467,2,0.06666666666666667
1229,3468,3472,4,0.13333333333333333
1229,3473,3475,2,0.06666666666666667
1229,3476,3483,7,0.23333333333333334
1229,3496,3506,10,0.3333333333333333
1229,3509,3510,1,0.03333333333333333
1229,3511,3512,1,0.03333333333333333
1227,3467,3474,7,0.23333333333333334
1239,3486,3487,1,0.03333333333333333
1239,3489,3490,1,0.03333333333333333
1243,3492,3494,2,0.06666666666666667
1243,3499,3501,2,0.06666666666666667
1243,3651,3653,2,0.06666666666666667
1255,3504,3506,2,0.06666666666666667
1265,3535,3539,4,0.13333333333333333
1271,3544,3547,3,0.1
1271,3549,3552,3,0.1
1271,3554,3556,2,0.06666666666666667
1271,3557,3564,7,0.23333333333333334
1164,3555,3556,1,0.03333333333333333
1164,3589,3591,2,0.06666666666666667
1283,3561,3562,1,0.03333333333333333
1273,3565,3567,2,0.06666666666666667
1273,3585,3587,2,0.06666666666666667
1273,3599,3600,1,0.03333333333333333
1273,3601,3603,2,0.06666666666666667
1273,3702,3703,1,0.03333333333333333
1273,3704,3708,4,0.13333333333333333
1273,3712,3716,4,0.13333333333333333
1276,3572,3573,1,0.03333333333333333
1276,3588,3589,1,0.03333333333333333
1289,3585,3587,2,0.06666666666666667
1289,3588,3591,3,0.1
1294,3609,3610,1,0.03333333333333333
1294,3611,3612,1,0.03333333333333333
1301,3603,3621,18,0.6
1301,3623,3627,4,0.13333333333333333
1301,3629,3635,6,0.2
1301,3636,3637,1,0.03333333333333333
1302,3625,3627,2,0.06666666666666667
1302,3632,3635,3,0.1
1302,3640,3642,2,0.06666666666666667
1302,3643,3648,5,0.16666666666666666
1302,3649,3653,4,0.13333333333333333
1302,3656,3657,1,0.03333333333333333
1339,3654,3656,2,0.06666666666666667
1339,3750,3751,1,0.03333333333333333
1339,3753,3762,9,0.3
1339,3784,3786,2,0.06666666666666667
1339,3787,3815,28,0.9333333333333333
1325,3638,3656,18,0.6
1325,3684,3686,2,0.06666666666666667
1325,3774,3784,10,0.3333333333333333
1325,3824,3826,2,0.06666666666666667
1353,3739,3784,45,1.5
1353,3787,3793,6,0.2
1353,3796,3798,2,0.06666666666666667
1353,3800,3842,42,1.4
1353,3843,3845,2,0.06666666666666667
1353,3871,3873,2,0.06666666666666667
1353,3879,3880,1,0.03333333333333333
1353,3881,3904,23,0.7666666666666667
1353,3905,3906,1,0.03333333333333333
1353,3919,3923,4,0.13333333333333333
1383,3794,3798,4,0.13333333333333333
1383,3799,3800,1,0.03333333333333333
1383,3803,3811,8,0.26666666666666666
1383,3817,3820,3,0.1
1383,3822,3824,2,0.06666666666666667
1383,3826,3831,5,0.16666666666666666
1401,3858,3862,4,0.13333333333333333
1403,3866,3867,1,0.03333333333333333
1403,3872,3874,2,0.06666666666666667
1403,3875,3876,1,0.03333333333333333
1409,3876,3877,1,0.03333333333333333
1409,3878,3879,1,0.03333333333333333
1409,3920,3922,2,0.06666666666666667
1409,3937,3938,1,0.03333333333333333
1409,4076,4079,3,0.1
1409,4102,4104,2,0.06666666666666667
1409,4110,4111,1,0.03333333333333333
1409,4113,4138,25,0.8333333333333334
1409,4139,4141,2,0.06666666666666667
1409,4150,4153,3,0.1
1409,4155,4172,17,0.5666666666666667
1409,4190,4201,11,0.36666666666666664
1409,4365,4369,4,0.13333333333333333
1409,4370,4381,11,0.36666666666666664
1409,4430,4442,12,0.4
1409,4444,4477,33,1.1
1409,4580,4588,8,0.26666666666666666
1409,4592,4596,4,0.13333333333333333
1409,4597,4598,1,0.03333333333333333
1409,5173,5196,23,0.7666666666666667
1409,5197,5198,1,0.03333333333333333
1409,6291,6302,11,0.36666666666666664
1409,6331,6344,13,0.43333333333333335
1409,6530,6532,2,0.06666666666666667
1409,6540,6544,4,0.13333333333333333
1409,7091,7093,2,0.06666666666666667
1409,7094,7110,16,0.5333333333333333
1409,7111,7112,1,0.03333333333333333
1409,7117,7118,1,0.03333333333333333
1409,7119,7134,15,0.5
1409,7143,7155,12,0.4
1409,7159,7163,4,0.13333333333333333
1409,7166,7169,3,0.1
1409,7194,7217,23,0.7666666666666667
1409,7218,7225,7,0.23333333333333334
1409,7266,7267,1,0.03333333333333333
1409,7268,7277,9,0.3
1409,7281,7294,13,0.43333333333333335
1409,7295,7296,1,0.03333333333333333
1409,7304,7349,45,1.5
1409,7350,7353,3,0.1
1409,7354,7368,14,0.4666666666666667
1409,7497,7501,4,0.13333333333333333
1409,7509,7513,4,0.13333333333333333
1409,7514,7520,6,0.2
1409,7619,7624,5,0.16666666666666666
1409,7651,7654,3,0.1
1412,3896,3898,2,0.06666666666666667
1412,3900,3904,4,0.13333333333333333
1424,3913,3918,5,0.16666666666666666
1424,3937,3938,1,0.03333333333333333
1424,3939,3955,16,0.5333333333333333
1424,3958,3960,2,0.06666666666666667
1424,3962,3966,4,0.13333333333333333
1424,3970,3972,2,0.06666666666666667
1424,3974,3977,3,0.1
1424,3978,3982,4,0.13333333333333333
1424,3983,3984,1,0.03333333333333333
1424,3985,3986,1,0.03333333333333333
1424,3990,3991,1,0.03333333333333333
1450,3970,3975,5,0.16666666666666666
1450,4001,4003,2,0.06666666666666667
1450,4004,4008,4,0.13333333333333333
1455,3978,3980,2,0.06666666666666667
1455,3986,3987,1,0.03333333333333333
1455,3988,3992,4,0.13333333333333333
1452,4015,4016,1,0.03333333333333333
1474,4018,4020,2,0.06666666666666667
1474,4026,4028,2,0.06666666666666667
1474,4032,4053,21,0.7
1460,4008,4037,29,0.9666666666666667
1478,4037,4039,2,0.06666666666666667
1478,4044,4045,1,0.03333333333333333
1478,4047,4069,22,0.7333333333333333
1478,4176,4206,30,1.0
1478,4210,4212,2,0.06666666666666667
1478,4215,4216,1,0.03333333333333333
1478,4220,4223,3,0.1
1509,4096,4105,9,0.3
1509,4146,4147,1,0.03333333333333333
1520,4130,4132,2,0.06666666666666667
1524,4145,4146,1,0.03333333333333333
1538,4223,4235,12,0.4
1540,4235,4238,3,0.1
1540,4248,4251,3,0.1
1540,4252,4264,12,0.4
1540,4266,4267,1,0.03333333333333333
1540,4275,4280,5,0.16666666666666666
1540,4282,4283,1,0.03333333333333333
1540,4295,4296,1,0.03333333333333333
1540,4307,4308,1,0.03333333333333333
1540,4310,4312,2,0.06666666666666667
1540,4327,4333,6,0.2
1501,4263,4264,1,0.03333333333333333
1549,4266,4267,1,0.03333333333333333
1543,4232,4271,39,1.3
1543,4273,4279,6,0.2
1543,4283,4284,1,0.03333333333333333
1543,4288,4294,6,0.2
1543,4303,4310,7,0.23333333333333334
1543,4372,4386,14,0.4666666666666667
1543,4388,4390,2,0.06666666666666667
1558,4282,4284,2,0.06666666666666667
1483,4320,4322,2,0.06666666666666667
1556,4332,4334,2,0.06666666666666667
1556,4342,4344,2,0.06666666666666667
1556,4345,4350,5,0.16666666666666666
1556,4351,4353,2,0.06666666666666667
1556,4354,4356,2,0.06666666666666667
1556,4358,4360,2,0.06666666666666667
1556,4448,4449,1,0.03333333333333333
1556,4461,4463,2,0.06666666666666667
1556,4698,4699,1,0.03333333333333333
1556,4707,4708,1,0.03333333333333333
1556,4739,4741,2,0.06666666666666667
1556,4742,4743,1,0.03333333333333333
1556,4748,4749,1,0.03333333333333333
1566,4331,4335,4,0.13333333333333333
1596,4340,4341,1,0.03333333333333333
1564,4347,4351,4,0.13333333333333333
1564,4353,4354,1,0.03333333333333333
1564,4362,4365,3,0.1
1607,4350,4353,3,0.1
1607,4357,4362,5,0.16666666666666666
1607,4366,4368,2,0.06666666666666667
1607,4369,4370,1,0.03333333333333333
1607,4372,4373,1,0.03333333333333333
1607,4374,4376,2,0.06666666666666667
1607,4377,4380,3,0.1
1607,4381,4388,7,0.23333333333333334
1607,4390,4393,3,0.1
1617,4366,4367,1,0.03333333333333333
1589,4367,4373,6,0.2
1589,4376,4380,4,0.13333333333333333
1589,4381,4386,5,0.16666666666666666
1589,4645,4646,1,0.03333333333333333
1589,4648,4650,2,0.06666666666666667
1589,4651,4652,1,0.03333333333333333
1589,4675,4676,1,0.03333333333333333
1589,4679,4680,1,0.03333333333333333
1589,4681,4684,3,0.1
1609,4368,4393,25,0.8333333333333334
1605,4421,4424,3,0.1
1605,4438,4440,2,0.06666666666666667
1605,4441,4442,1,0.03333333333333333
1626,4432,4436,4,0.13333333333333333
1626,4449,4451,2,0.06666666666666667
1626,4536,4537,1,0.03333333333333333
1626,4540,4543,3,0.1
1626,4550,4552,2,0.06666666666666667
482,4441,4442,1,0.03333333333333333
482,4451,4466,15,0.5
1650,4452,4453,1,0.03333333333333333
1654,4457,4458,1,0.03333333333333333
1654,4514,4516,2,0.06666666666666667
1660,4520,4528,8,0.26666666666666666
1660,4530,4531,1,0.03333333333333333
1710,4561,4564,3,0.1
1710,4573,4577,4,0.13333333333333333
1729,4624,4625,1,0.03333333333333333
1729,4627,4643,16,0.5333333333333333
1749,4636,4641,5,0.16666666666666666
1749,4643,4644,1,0.03333333333333333
1766,4657,4660,3,0.1
1790,4693,4694,1,0.03333333333333333
1790,4698,4699,1,0.03333333333333333
1751,4687,4703,16,0.5333333333333333
1751,4705,4708,3,0.1
1751,4711,4713,2,0.06666666666666667
1808,4728,4729,1,0.03333333333333333
1808,4730,4732,2,0.06666666666666667
1815,4737,4739,2,0.06666666666666667
1764,4675,4745,70,2.3333333333333335
1764,4760,4762,2,0.06666666666666667
1764,4771,4810,39,1.3
1764,4837,4838,1,0.03333333333333333
1764,4843,4845,2,0.06666666666666667
1764,4846,4847,1,0.03333333333333333
1764,4848,4985,137,4.566666666666666
1764,4991,4992,1,0.03333333333333333
1764,5010,5011,1,0.03333333333333333
1804,4730,4751,21,0.7
1804,4759,4769,10,0.3333333333333333
1806,4749,4751,2,0.06666666666666667
1806,4752,4769,17,0.5666666666666667
1806,4773,4778,5,0.16666666666666666
1828,4756,4759,3,0.1
1830,4793,4799,6,0.2
1830,4800,4801,1,0.03333333333333333
1830,4804,4807,3,0.1
1840,4790,4805,15,0.5
1840,4807,4808,1,0.03333333333333333
1840,4809,4810,1,0.03333333333333333
1854,4805,4816,11,0.36666666666666664
1854,4820,4825,5,0.16666666666666666
1854,4826,4828,2,0.06666666666666667
1854,4831,4837,6,0.2
1854,4842,4844,2,0.06666666666666667
1854,4845,4850,5,0.16666666666666666
1854,4861,4862,1,0.03333333333333333
1854,4864,4865,1,0.03333333333333333
1810,4858,4860,2,0.06666666666666667
1908,4938,4939,1,0.03333333333333333
1910,4991,4992,1,0.03333333333333333
1909,5061,5062,1,0.03333333333333333
1909,5173,5175,2,0.06666666666666667
1942,5102,5110,8,0.26666666666666666
1942,5111,5112,1,0.03333333333333333
1942,5130,5135,5,0.16666666666666666
1942,5154,5156,2,0.06666666666666667
1931,5112,5113,1,0.03333333333333333
1945,5118,5119,1,0.03333333333333333
1945,5238,5239,1,0.03333333333333333
1961,5133,5135,2,0.06666666666666667
1961,5139,5149,10,0.3333333333333333
1961,5150,5156,6,0.2
1961,5161,5162,1,0.03333333333333333
1961,5169,5171,2,0.06666666666666667
1961,5336,5342,6,0.2
1958,5135,5142,7,0.23333333333333334
1958,5147,5148,1,0.03333333333333333
1960,5143,5145,2,0.06666666666666667
1960,5146,5147,1,0.03333333333333333
1960,5148,5149,1,0.03333333333333333
1954,5147,5148,1,0.03333333333333333
1971,5240,5243,3,0.1
1971,5244,5248,4,0.13333333333333333
1971,5250,5251,1,0.03333333333333333
1971,5265,5278,13,0.43333333333333335
1971,5279,5306,27,0.9
1971,5307,5308,1,0.03333333333333333
1971,5309,5310,1,0.03333333333333333
1992,5250,5262,12,0.4
1992,5276,5278,2,0.06666666666666667
1938,5272,5274,2,0.06666666666666667
1938,5275,5276,1,0.03333333333333333
1938,5278,5282,4,0.13333333333333333
1938,5286,5290,4,0.13333333333333333
2011,5305,5318,13,0.43333333333333335
2011,5319,5322,3,0.1
2011,5323,5324,1,0.03333333333333333
2011,5326,5347,21,0.7
2011,5348,5360,12,0.4
2011,5364,5389,25,0.8333333333333334
2011,5399,5411,12,0.4
2011,5416,5458,42,1.4
2011,5459,5463,4,0.13333333333333333
2011,5501,5503,2,0.06666666666666667
2015,5339,5343,4,0.13333333333333333
2015,5348,5350,2,0.06666666666666667
2015,5352,5355,3,0.1
2015,5430,5432,2,0.06666666666666667
2015,6223,6225,2,0.06666666666666667
2015,6226,6230,4,0.13333333333333333
2015,6249,6251,2,0.06666666666666667
2015,6272,6274,2,0.06666666666666667
2015,6275,6278,3,0.1
2015,6285,6298,13,0.43333333333333335
2015,6302,6326,24,0.8
2022,5342,5343,1,0.03333333333333333
2029,5376,5377,1,0.03333333333333333
2032,5400,5402,2,0.06666666666666667
2032,5411,5412,1,0.03333333333333333
2046,5428,5431,3,0.1
2046,5434,5435,1,0.03333333333333333
2064,5528,5538,10,0.3333333333333333
2064,5539,5550,11,0.36666666666666664
2072,5537,5589,52,1.7333333333333334
2072,5590,5649,59,1.9666666666666666
2072,5650,5654,4,0.13333333333333333
2072,5656,5657,1,0.03333333333333333
2072,5658,5667,9,0.3
2072,5677,5681,4,0.13333333333333333
2072,5683,5742,59,1.9666666666666666
2072,5749,5756,7,0.23333333333333334
2072,5758,5778,20,0.6666666666666666
2072,5803,5804,1,0.03333333333333333
2072,5813,5857,44,1.4666666666666666
2072,5858,5862,4,0.13333333333333333
2122,5652,5658,6,0.2
2122,5660,5662,2,0.06666666666666667
2122,5664,5665,1,0.03333333333333333
2122,5666,5667,1,0.03333333333333333
2106,5613,5666,53,1.7666666666666666
2124,5665,5669,4,0.13333333333333333
2124,5670,5673,3,0.1
2124,5676,5690,14,0.4666666666666667
2124,5692,5693,1,0.03333333333333333
2131,5688,5689,1,0.03333333333333333
2131,5789,5793,4,0.13333333333333333
2126,5689,5690,1,0.03333333333333333
2135,5716,5717,1,0.03333333333333333
2135,5749,5750,1,0.03333333333333333
2135,5756,5758,2,0.06666666666666667
2135,5768,5770,2,0.06666666666666667
2135,5803,5804,1,0.03333333333333333
2159,5741,5742,1,0.03333333333333333
2159,5746,5766,20,0.6666666666666666
2190,5789,5790,1,0.03333333333333333
2190,5791,5794,3,0.1
2211,5866,5867,1,0.03333333333333333
2211,5870,5871,1,0.03333333333333333
2211,5873,5874,1,0.03333333333333333
2211,5879,5880,1,0.03333333333333333
2211,5946,5947,1,0.03333333333333333
2211,5971,5972,1,0.03333333333333333
2220,5902,5903,1,0.03333333333333333
2226,5917,5919,2,0.06666666666666667
2226,5930,5931,1,0.03333333333333333
2248,5936,5939,3,0.1
2248,5940,5964,24,0.8
2248,5965,5968,3,0.1
2241,5930,5940,10,0.3333333333333333
2241,5941,5942,1,0.03333333333333333
2241,5950,5951,1,0.03333333333333333
2241,5960,5962,2,0.06666666666666667
2241,5964,5965,1,0.03333333333333333
2241,5968,5970,2,0.06666666666666667
2241,6035,6036,1,0.03333333333333333
2269,5999,6000,1,0.03333333333333333
2261,5992,6006,14,0.4666666666666667
2261,6011,6012,1,0.03333333333333333
2261,6043,6044,1,0.03333333333333333
2261,6052,6054,2,0.06666666666666667
2261,6055,6056,1,0.03333333333333333
2204,6022,6031,9,0.3
2204,6032,6051,19,0.6333333333333333
2204,6052,6072,20,0.6666666666666666
2204,6073,6074,1,0.03333333333333333
2204,6108,6133,25,0.8333333333333334
2204,6135,6149,14,0.4666666666666667
2204,6174,6235,61,2.033333333333333
2204,6236,6238,2,0.06666666666666667
2204,6246,6247,1,0.03333333333333333
2204,6264,6271,7,0.23333333333333334
2204,6274,6279,5,0.16666666666666666
2204,6292,6295,3,0.1
2204,6296,6298,2,0.06666666666666667
2204,6324,6328,4,0.13333333333333333
2204,6330,6331,1,0.03333333333333333
2204,6343,6387,44,1.4666666666666666
2204,6390,6407,17,0.5666666666666667
2276,6063,6065,2,0.06666666666666667
2276,6067,6068,1,0.03333333333333333
2285,6065,6066,1,0.03333333333333333
2285,6102,6103,1,0.03333333333333333
2285,6114,6115,1,0.03333333333333333
2285,6119,6125,6,0.2
2303,6127,6134,7,0.23333333333333334
2303,6138,6139,1,0.03333333333333333
2326,6181,6182,1,0.03333333333333333
2327,6182,6185,3,0.1
2327,6213,6214,1,0.03333333333333333
2327,6215,6218,3,0.1
2327,6241,6242,1,0.03333333333333333
2327,6295,6296,1,0.03333333333333333
2330,6195,6225,30,1.0
2330,6226,6233,7,0.23333333333333334
2330,6241,6245,4,0.13333333333333333
2396,6291,6298,7,0.23333333333333334
2396,6448,6451,3,0.1
2396,6462,6468,6,0.2
2425,6344,6345,1,0.03333333333333333
2425,6347,6348,1,0.03333333333333333
2430,6370,6371,1,0.03333333333333333
2430,6377,6379,2,0.06666666666666667
2430,6387,6389,2,0.06666666666666667
2430,6393,6394,1,0.03333333333333333
2430,6463,6464,1,0.03333333333333333
2430,6472,6475,3,0.1
2441,6413,6418,5,0.16666666666666666
2441,6419,6423,4,0.13333333333333333
2441,6427,6430,3,0.1
2441,6431,6440,9,0.3
2441,6454,6471,17,0.5666666666666667
2441,6472,6475,3,0.1
2390,6432,6433,1,0.03333333333333333
2471,6452,6454,2,0.06666666666666667
2465,6466,6469,3,0.1
2465,6549,6550,1,0.03333333333333333
2465,6551,6552,1,0.03333333333333333
2465,6601,6602,1,0.03333333333333333
2465,6620,6623,3,0.1
2465,6626,6627,1,0.03333333333333333
2470,6467,6498,31,1.0333333333333334
2470,6516,6518,2,0.06666666666666667
2470,6522,6534,12,0.4
2452,6522,6524,2,0.06666666666666667
2452,6614,6627,13,0.43333333333333335
2452,6634,6636,2,0.06666666666666667
2452,6663,6665,2,0.06666666666666667
2452,6674,6675,1,0.03333333333333333
2452,6677,6679,2,0.06666666666666667
2452,6973,6975,2,0.06666666666666667
2452,6976,6977,1,0.03333333333333333
2452,6986,6989,3,0.1
2452,6992,6994,2,0.06666666666666667
2452,7007,7010,3,0.1
2452,7011,7015,4,0.13333333333333333
2452,7019,7045,26,0.8666666666666667
2490,6532,6533,1,0.03333333333333333
2490,6534,6536,2,0.06666666666666667
2490,6539,6545,6,0.2
2490,6548,6550,2,0.06666666666666667
2490,6556,6557,1,0.03333333333333333
2490,6558,6564,6,0.2
2490,6565,6566,1,0.03333333333333333
2490,6568,6572,4,0.13333333333333333
2490,6573,6577,4,0.13333333333333333
2490,6585,6587,2,0.06666666666666667
2490,6597,6599,2,0.06666666666666667
2503,6537,6539,2,0.06666666666666667
2503,6561,6574,13,0.43333333333333335
2512,6552,6553,1,0.03333333333333333
2512,6556,6557,1,0.03333333333333333
2512,6687,6688,1,0.03333333333333333
2512,6689,6690,1,0.03333333333333333
2516,6558,6560,2,0.06666666666666667
2516,6564,6566,2,0.06666666666666667
2516,6572,6573,1,0.03333333333333333
2516,6577,6585,8,0.26666666666666666
2487,6564,6566,2,0.06666666666666667
2487,6568,6570,2,0.06666666666666667
2487,6571,6592,21,0.7
2487,6596,6604,8,0.26666666666666666
2487,6606,6608,2,0.06666666666666667
2487,6618,6730,112,3.7333333333333334
2487,6743,6793,50,1.6666666666666667
2487,6795,6797,2,0.06666666666666667
2487,6799,6819,20,0.6666666666666666
2487,6820,6823,3,0.1
2487,6824,7016,192,6.4
2487,7026,7057,31,1.0333333333333334
2487,7063,7251,188,6.266666666666667
2487,7252,7255,3,0.1
2487,7257,7260,3,0.1
2487,7261,7266,5,0.16666666666666666
2487,7269,7270,1,0.03333333333333333
2487,7273,7274,1,0.03333333333333333
2487,7275,7279,4,0.13333333333333333
2487,7281,7282,1,0.03333333333333333
2487,7286,7341,55,1.8333333333333333
2487,7344,7351,7,0.23333333333333334
2487,7370,7373,3,0.1
2487,7401,7404,3,0.1
2511,6590,6592,2,0.06666666666666667
2609,6823,6825,2,0.06666666666666667
2609,6828,6832,4,0.13333333333333333
2609,6834,6835,1,0.03333333333333333
2609,6842,6843,1,0.03333333333333333
2625,6869,6870,1,0.03333333333333333
2624,6916,6918,2,0.06666666666666667
2624,6928,6934,6,0.2
2624,6936,6937,1,0.03333333333333333
2642,6946,6947,1,0.03333333333333333
2644,6959,6960,1,0.03333333333333333
2665,7062,7069,7,0.23333333333333334
2665,7071,7073,2,0.06666666666666667
2695,7193,7194,1,0.03333333333333333
2711,7206,7208,2,0.06666666666666667
2704,7220,7221,1,0.03333333333333333
2704,7223,7225,2,0.06666666666666667
2660,7254,7255,1,0.03333333333333333
2773,7380,7381,1,0.03333333333333333
2773,8178,8196,18,0.6
2808,7525,7526,1,0.03333333333333333
2820,7559,7561,2,0.06666666666666667
2820,7562,7591,29,0.9666666666666667
2820,7595,7601,6,0.2
2820,7604,7605,1,0.03333333333333333
2820,7608,7609,1,0.03333333333333333
2820,7617,7619,2,0.06666666666666667
2839,7629,7631,2,0.06666666666666667
2855,7666,7668,2,0.06666666666666667
2870,7689,7698,9,0.3
2870,7759,7765,6,0.2
2870,7766,7767,1,0.03333333333333333
2874,7720,7721,1,0.03333333333333333
2878,7726,7729,3,0.1
2878,7734,7736,2,0.06666666666666667
2878,7741,7742,1,0.03333333333333333
2878,7745,7746,1,0.03333333333333333
2878,7799,7801,2,0.06666666666666667
2819,7738,7740,2,0.06666666666666667
2876,7748,7751,3,0.1
2876,7753,7774,21,0.7
2876,7826,7827,1,0.03333333333333333
2876,7829,7830,1,0.03333333333333333
2876,7831,7909,78,2.6
2876,7944,7946,2,0.06666666666666667
2876,7947,8000,53,1.7666666666666666
2876,8001,8011,10,0.3333333333333333
2876,8030,8031,1,0.03333333333333333
2876,8141,8143,2,0.06666666666666667
2876,8213,8215,2,0.06666666666666667
2876,8216,8217,1,0.03333333333333333
2876,8219,8222,3,0.1
2876,8224,8295,71,2.3666666666666667
2876,8303,8304,1,0.03333333333333333
2876,8306,8309,3,0.1
2876,8321,8365,44,1.4666666666666666
2876,8367,8479,112,3.7333333333333334
2876,8484,8487,3,0.1
2876,8489,8490,1,0.03333333333333333
2876,8551,8553,2,0.06666666666666667
2876,8554,8555,1,0.03333333333333333
2876,8559,8560,1,0.03333333333333333
2876,8563,8564,1,0.03333333333333333
2876,8590,8684,94,3.1333333333333333
2876,8803,8805,2,0.06666666666666667
2876,8842,8847,5,0.16666666666666666
2876,8850,8851,1,0.03333333333333333
2876,8854,8861,7,0.23333333333333334
2876,8933,8983,50,1.6666666666666667
2876,9003,9005,2,0.06666666666666667
2876,9025,9026,1,0.03333333333333333
2876,9035,9037,2,0.06666666666666667
2876,9042,9043,1,0.03333333333333333
2876,9052,9053,1,0.03333333333333333
2876,9055,9058,3,0.1
2876,9063,9066,3,0.1
2876,9069,9070,1,0.03333333333333333
2876,9150,9183,33,1.1
2876,9233,9363,130,4.333333333333333
2876,9385,9392,7,0.23333333333333334
2876,9394,9395,1,0.03333333333333333
2876,9419,9471,52,1.7333333333333334
2876,9476,9477,1,0.03333333333333333
2876,9488,9489,1,0.03333333333333333
2876,9546,9548,2,0.06666666666666667
2876,9550,9567,17,0.5666666666666667
2876,9570,9781,211,7.033333333333333
2876,9788,9801,13,0.43333333333333335
2876,9802,9803,1,0.03333333333333333
2876,9805,9809,4,0.13333333333333333
2876,9810,9815,5,0.16666666666666666
2882,7778,7779,1,0.03333333333333333
2894,7782,7786,4,0.13333333333333333
2894,7789,7791,2,0.06666666666666667
2894,7795,7797,2,0.06666666666666667
2920,7843,7854,11,0.36666666666666664
2920,7947,7948,1,0.03333333333333333
2916,7853,7858,5,0.16666666666666666
2926,7859,7862,3,0.1
2952,7897,7898,1,0.03333333333333333
2952,7903,7907,4,0.13333333333333333
2971,8037,8039,2,0.06666666666666667
2971,8040,8047,7,0.23333333333333334
2977,8094,8100,6,0.2
2977,8101,8102,1,0.03333333333333333
2977,8104,8105,1,0.03333333333333333
2994,8137,8140,3,0.1
2994,8149,8151,2,0.06666666666666667
2994,8156,8159,3,0.1
3007,8157,8160,3,0.1
3007,8169,8171,2,0.06666666666666667
3007,8304,8306,2,0.06666666666666667
3026,8221,8223,2,0.06666666666666667
3026,8225,8232,7,0.23333333333333334
3026,8233,8235,2,0.06666666666666667
3026,8236,8249,13,0.43333333333333335
3026,8250,8255,5,0.16666666666666666
3026,8385,8387,2,0.06666666666666667
3012,8234,8235,1,0.03333333333333333
3046,8297,8310,13,0.43333333333333335
3046,8332,8352,20,0.6666666666666666
3046,8363,8364,1,0.03333333333333333
3088,8413,8414,1,0.03333333333333333
3088,8422,8432,10,0.3333333333333333
3088,8434,8435,1,0.03333333333333333
3088,8438,8451,13,0.43333333333333335
3088,8454,8459,5,0.16666666666666666
3088,8461,8464,3,0.1
3088,8465,8467,2,0.06666666666666667
3088,8469,8470,1,0.03333333333333333
3088,8489,8495,6,0.2
3088,8496,8498,2,0.06666666666666667
3088,8513,8514,1,0.03333333333333333
3088,8517,8518,1,0.03333333333333333
3088,8526,8527,1,0.03333333333333333
3088,8532,8534,2,0.06666666666666667
3088,8535,8538,3,0.1
3088,8549,8550,1,0.03333333333333333
3088,8588,8589,1,0.03333333333333333
3111,8453,8454,1,0.03333333333333333
3111,8456,8457,1,0.03333333333333333
3124,8542,8550,8,0.26666666666666666
3124,8551,8555,4,0.13333333333333333
3124,8557,8559,2,0.06666666666666667
3124,8607,8608,1,0.03333333333333333
3124,8627,8628,1,0.03333333333333333
3141,8568,8572,4,0.13333333333333333
3141,8586,8590,4,0.13333333333333333
3141,8608,8610,2,0.06666666666666667
3141,8616,8618,2,0.06666666666666667
3141,8635,8636,1,0.03333333333333333
3141,8672,8674,2,0.06666666666666667
3141,8676,8678,2,0.06666666666666667
3164,8648,8651,3,0.1
3164,8663,8666,3,0.1
3164,8668,8671,3,0.1
3164,8710,8713,3,0.1
3164,8721,8730,9,0.3
3164,8732,8735,3,0.1
3164,8741,8745,4,0.13333333333333333
3202,8706,8710,4,0.13333333333333333
3202,8712,8721,9,0.3
3192,8710,8713,3,0.1
3192,8722,8734,12,0.4
3192,8736,8737,1,0.03333333333333333
3192,8761,8762,1,0.03333333333333333
3192,8801,8802,1,0.03333333333333333
3192,8803,8804,1,0.03333333333333333
3192,8810,8811,1,0.03333333333333333
3192,8837,8838,1,0.03333333333333333
3192,8841,8842,1,0.03333333333333333
3192,8869,8870,1,0.03333333333333333
3192,8890,8891,1,0.03333333333333333
3192,8893,8894,1,0.03333333333333333
3192,8896,8897,1,0.03333333333333333
3192,8907,8909,2,0.06666666666666667
3192,8919,8920,1,0.03333333333333333
3192,8957,8958,1,0.03333333333333333
3192,8959,8960,1,0.03333333333333333
3192,8969,8970,1,0.03333333333333333
3179,8732,8733,1,0.03333333333333333
3287,8845,8850,5,0.16666666666666666
3287,8853,8855,2,0.06666666666666667
3308,8873,8929,56,1.8666666666666667
3308,8936,8987,51,1.7
3308,8989,8995,6,0.2
3308,8997,8998,1,0.03333333333333333
3347,8941,8942,1,0.03333333333333333
3347,8944,8945,1,0.03333333333333333
3228,8943,8944,1,0.03333333333333333
3342,8943,8945,2,0.06666666666666667
3342,8948,8950,2,0.06666666666666667
3342,8977,8986,9,0.3
3342,8990,8991,1,0.03333333333333333
3342,8999,9001,2,0.06666666666666667
3294,8859,8982,123,4.1
3294,8989,8991,2,0.06666666666666667
3354,9039,9041,2,0.06666666666666667
3354,9042,9045,3,0.1
3394,9121,9124,3,0.1
3394,9133,9145,12,0.4
3394,9149,9150,1,0.03333333333333333
3394,9179,9186,7,0.23333333333333334
3394,9187,9213,26,0.8666666666666667
3394,9218,9219,1,0.03333333333333333
3394,9301,9305,4,0.13333333333333333
3398,9131,9132,1,0.03333333333333333
3398,9167,9169,2,0.06666666666666667
3405,9138,9139,1,0.03333333333333333
3405,9162,9163,1,0.03333333333333333
3405,9177,9178,1,0.03333333333333333
3405,9230,9231,1,0.03333333333333333
3410,9174,9175,1,0.03333333333333333
3410,9177,9182,5,0.16666666666666666
3410,9183,9186,3,0.1
3410,9215,9217,2,0.06666666666666667
3410,9218,9221,3,0.1
3410,9231,9235,4,0.13333333333333333
3414,9229,9233,4,0.13333333333333333
3414,9235,9236,1,0.03333333333333333
3414,9237,9422,185,6.166666666666667
3414,9423,9424,1,0.03333333333333333
3414,9427,9428,1,0.03333333333333333
3414,9431,9459,28,0.9333333333333333
3414,9466,9607,141,4.7
3414,9619,9620,1,0.03333333333333333
3458,9277,9278,1,0.03333333333333333
3458,9279,9281,2,0.06666666666666667
3458,9282,9305,23,0.7666666666666667
3468,9278,9279,1,0.03333333333333333
3468,9282,9285,3,0.1
3459,9297,9298,1,0.03333333333333333
3459,9303,9305,2,0.06666666666666667
3459,9338,9339,1,0.03333333333333333
3478,9301,9302,1,0.03333333333333333
3478,9305,9306,1,0.03333333333333333
3478,9314,9318,4,0.13333333333333333
3510,9353,9354,1,0.03333333333333333
3510,9371,9374,3,0.1
3519,9390,9391,1,0.03333333333333333
3519,9392,9396,4,0.13333333333333333
3519,9398,9399,1,0.03333333333333333
3519,9400,9402,2,0.06666666666666667
3519,9408,9411,3,0.1
3436,9444,9447,3,0.1
3560,9462,9463,1,0.03333333333333333
3560,9468,9470,2,0.06666666666666667
3560,9482,9484,2,0.06666666666666667
3560,9486,9488,2,0.06666666666666667
3560,9490,9491,1,0.03333333333333333
3560,9568,9571,3,0.1
3576,9532,9534,2,0.06666666666666667
3583,9552,9562,10,0.3333333333333333
3583,9563,9565,2,0.06666666666666667
3583,9574,9580,6,0.2
3583,9582,9583,1,0.03333333333333333
3583,9584,9587,3,0.1
3568,9641,9642,1,0.03333333333333333
3568,9643,9644,1,0.03333333333333333
3568,9645,9646,1,0.03333333333333333
3605,9644,9647,3,0.1
3605,9649,9661,12,0.4
3605,9667,9676,9,0.3
3605,9677,9714,37,1.2333333333333334
3516,9644,9649,5,0.16666666666666666
3516,9656,9658,2,0.06666666666666667
3516,9744,9745,1,0.03333333333333333
3516,9746,9748,2,0.06666666666666667
3516,9749,9755,6,0.2
3516,9764,9765,1,0.03333333333333333
3516,9769,9772,3,0.1
3516,9773,9776,3,0.1
3516,9777,9778,1,0.03333333333333333
3516,9789,9793,4,0.13333333333333333
3516,9822,9825,3,0.1
3516,9826,9834,8,0.26666666666666666
3516,9841,9843,2,0.06666666666666667
3516,9847,9850,3,0.1
3516,9851,9854,3,0.1
3516,9860,9862,2,0.06666666666666667
3516,9866,9867,1,0.03333333333333333
3516,9972,9973,1,0.03333333333333333
3516,9983,9984,1,0.03333333333333333
3516,9985,9986,1,0.03333333333333333
3516,9987,9988,1,0.03333333333333333
3516,9993,9994,1,0.03333333333333333
3516,10050,10052,2,0.06666666666666667
3662,9682,9726,44,1.4666666666666666
3711,9758,9762,4,0.13333333333333333
3711,9802,9833,31,1.0333333333333334
3737,9774,9776,2,0.06666666666666667
3737,9781,9792,11,0.36666666666666664
3737,9793,9794,1,0.03333333333333333
3737,9797,9806,9,0.3
3737,9807,9810,3,0.1
3737,9811,9819,8,0.26666666666666666
3753,9802,9815,13,0.43333333333333335
3753,9817,9825,8,0.26666666666666666
3753,9830,9835,5,0.16666666666666666
3753,9837,9838,1,0.03333333333333333
3753,9841,9842,1,0.03333333333333333
3753,9845,9846,1,0.03333333333333333
3753,9847,9848,1,0.03333333333333333
3753,9851,9853,2,0.06666666666666667
3753,9857,9859,2,0.06666666666666667
3753,9860,9862,2,0.06666666666666667
3753,9879,9880,1,0.03333333333333333
3753,9882,9886,4,0.13333333333333333
3753,9887,9895,8,0.26666666666666666
3753,9929,9930,1,0.03333333333333333
3753,9942,9943,1,0.03333333333333333
3753,9968,9972,4,0.13333333333333333
3753,9974,9977,3,0.1
3773,9884,9886,2,0.06666666666666667
3773,9903,9909,6,0.2
3773,9910,9911,1,0.03333333333333333
3773,9920,9922,2,0.06666666666666667
3773,9968,9985,17,0.5666666666666667
3773,9989,9992,3,0.1
3773,9993,9994,1,0.03333333333333333
3773,9996,9997,1,0.03333333333333333
3773,9998,10014,16,0.5333333333333333
3773,10017,10070,53,1.7666666666666666
3773,10073,10075,2,0.06666666666666667
3773,10077,10078,1,0.03333333333333333
3773,10079,10087,8,0.26666666666666666
3773,10088,10100,12,0.4
3773,10102,10103,1,0.03333333333333333
3773,10114,10123,9,0.3
3773,10134,10136,2,0.06666666666666667
3773,10168,10170,2,0.06666666666666667
3780,9918,9919,1,0.03333333333333333
3780,9926,9927,1,0.03333333333333333
3780,9933,9934,1,0.03333333333333333
3780,9944,9953,9,0.3
3657,9816,9933,117,3.9
3683,9945,9946,1,0.03333333333333333
3800,9945,9949,4,0.13333333333333333
3800,16768,16770,2,0.06666666666666667
3752,9879,9977,98,3.2666666666666666
3752,9986,9989,3,0.1
3752,10117,10129,12,0.4
3752,10131,10134,3,0.1
3752,10136,10138,2,0.06666666666666667
3752,10149,10150,1,0.03333333333333333
3752,10155,10163,8,0.26666666666666666
3752,10167,10259,92,3.066666666666667
3752,10260,10262,2,0.06666666666666667
3752,10284,10303,19,0.6333333333333333
3752,10306,10313,7,0.23333333333333334
3752,10314,10315,1,0.03333333333333333
3752,10375,10428,53,1.7666666666666666
3821,9981,9982,1,0.03333333333333333
3821,10002,10003,1,0.03333333333333333
3821,10005,10009,4,0.13333333333333333
3802,9986,9988,2,0.06666666666666667
3802,9993,9994,1,0.03333333333333333
3802,10006,10008,2,0.06666666666666667
3802,10065,10066,1,0.03333333333333333
3858,10032,10034,2,0.06666666666666667
3808,10057,10059,2,0.06666666666666667
3880,10063,10065,2,0.06666666666666667
3876,10069,10073,4,0.13333333333333333
3876,10074,10093,19,0.6333333333333333
3876,10097,10098,1,0.03333333333333333
3876,10126,10128,2,0.06666666666666667
3871,10078,10079,1,0.03333333333333333
3787,10081,10082,1,0.03333333333333333
3787,10083,10084,1,0.03333333333333333
3787,10095,10099,4,0.13333333333333333
3787,10102,10103,1,0.03333333333333333
3898,10087,10088,1,0.03333333333333333
3898,10091,10093,2,0.06666666666666667
3898,10313,10319,6,0.2
3898,10320,10321,1,0.03333333333333333
3898,10324,10332,8,0.26666666666666666
3898,10333,10336,3,0.1
3898,10338,10353,15,0.5
3904,10094,10098,4,0.13333333333333333
3850,10115,10123,8,0.26666666666666666
3850,10124,10148,24,0.8
3850,10150,10163,13,0.43333333333333335
3850,10168,10170,2,0.06666666666666667
3850,10184,10186,2,0.06666666666666667
3850,10190,10201,11,0.36666666666666664
3850,10207,10216,9,0.3
3850,10218,10222,4,0.13333333333333333
3850,10225,10228,3,0.1
3850,10231,10233,2,0.06666666666666667
3850,10236,10239,3,0.1
3850,10240,10252,12,0.4
3850,10255,10258,3,0.1
3857,10135,10140,5,0.16666666666666666
3857,10145,10168,23,0.7666666666666667
3857,10170,10176,6,0.2
3928,10139,10141,2,0.06666666666666667
3939,10164,10166,2,0.06666666666666667
3939,10189,10192,3,0.1
3939,10194,10210,16,0.5333333333333333
3939,10211,10214,3,0.1
3939,10218,10222,4,0.13333333333333333
3939,10224,10237,13,0.43333333333333335
3813,10172,10176,4,0.13333333333333333
3813,10188,10194,6,0.2
3813,10512,10514,2,0.06666666666666667
3954,10179,10182,3,0.1
3954,10183,10187,4,0.13333333333333333
3824,10182,10183,1,0.03333333333333333
3824,10195,10197,2,0.06666666666666667
3929,10196,10197,1,0.03333333333333333
3929,10338,10340,2,0.06666666666666667
3929,10360,10362,2,0.06666666666666667
3968,10195,10200,5,0.16666666666666666
3968,10203,10208,5,0.16666666666666666
3968,10209,10210,1,0.03333333333333333
3968,10214,10217,3,0.1
3968,10220,10275,55,1.8333333333333333
3968,10287,10288,1,0.03333333333333333
3968,10289,10290,1,0.03333333333333333
3968,10294,10295,1,0.03333333333333333
3978,10214,10215,1,0.03333333333333333
3978,10218,10219,1,0.03333333333333333
3978,10227,10234,7,0.23333333333333334
3978,10235,10237,2,0.06666666666666667
4056,10292,10295,3,0.1
3999,10262,10299,37,1.2333333333333334
3999,10307,10308,1,0.03333333333333333
3999,10319,10320,1,0.03333333333333333
3999,10428,10429,1,0.03333333333333333
4096,10309,10311,2,0.06666666666666667
4096,10349,10350,1,0.03333333333333333
4096,10450,10453,3,0.1
4096,10461,10483,22,0.7333333333333333
4096,10506,10510,4,0.13333333333333333
4096,10516,10518,2,0.06666666666666667
4062,10315,10317,2,0.06666666666666667
4062,10320,10340,20,0.6666666666666666
4034,10319,10321,2,0.06666666666666667
4034,10324,10329,5,0.16666666666666666
4034,10332,10337,5,0.16666666666666666
4034,10338,10343,5,0.16666666666666666
4119,10327,10351,24,0.8
4119,10352,10353,1,0.03333333333333333
4119,10360,10363,3,0.1
4119,10368,10390,22,0.7333333333333333
4119,10392,10412,20,0.6666666666666666
4119,10413,10505,92,3.066666666666667
4119,10516,10522,6,0.2
4119,10524,10526,2,0.06666666666666667
4119,10549,10552,3,0.1
4119,10571,10581,10,0.3333333333333333
4119,10582,10585,3,0.1
4119,10586,10588,2,0.06666666666666667
4119,10593,10600,7,0.23333333333333334
4119,10601,10605,4,0.13333333333333333
4187,10410,10414,4,0.13333333333333333
4187,10418,10420,2,0.06666666666666667
4187,10422,10428,6,0.2
4187,10440,10441,1,0.03333333333333333
4187,10442,10444,2,0.06666666666666667
4187,10483,10485,2,0.06666666666666667
4194,10416,10417,1,0.03333333333333333
4194,10429,10432,3,0.1
4194,10434,10435,1,0.03333333333333333
4201,10421,10423,2,0.06666666666666667
4118,10426,10434,8,0.26666666666666666
4118,10445,10455,10,0.3333333333333333
4118,10631,10634,3,0.1
4118,10636,10637,1,0.03333333333333333
4118,10640,10672,32,1.0666666666666667
4118,10687,10689,2,0.06666666666666667
4118,10746,10751,5,0.16666666666666666
4118,10871,10906,35,1.1666666666666667
4118,10907,10908,1,0.03333333333333333
4118,10909,10914,5,0.16666666666666666
4118,10915,10923,8,0.26666666666666666
4118,10925,10929,4,0.13333333333333333
4118,10930,10951,21,0.7
4118,10952,10954,2,0.06666666666666667
4118,10955,10957,2,0.06666666666666667
4118,10958,10960,2,0.06666666666666667
4118,10965,10967,2,0.06666666666666667
4118,10992,11001,9,0.3
4118,11023,11028,5,0.16666666666666666
4118,11057,11061,4,0.13333333333333333
4118,11147,11148,1,0.03333333333333333
4118,11149,11153,4,0.13333333333333333
4118,11154,11159,5,0.16666666666666666
4118,11160,11161,1,0.03333333333333333
4118,11171,11202,31,1.0333333333333334
4118,11347,11350,3,0.1
4118,11376,11381,5,0.16666666666666666
4118,11384,11388,4,0.13333333333333333
4118,11394,11396,2,0.06666666666666667
4208,10459,10461,2,0.06666666666666667
3921,10492,10493,1,0.03333333333333333
4279,10522,10524,2,0.06666666666666667
4279,10529,10532,3,0.1
4196,10547,10549,2,0.06666666666666667
4298,10556,10557,1,0.03333333333333333
4257,10564,10566,2,0.06666666666666667
4257,10573,10656,83,2.7666666666666666
4257,10658,10760,102,3.4
4257,10767,10864,97,3.2333333333333334
4257,10865,10866,1,0.03333333333333333
4257,10874,10875,1,0.03333333333333333
4257,10877,10879,2,0.06666666666666667
4257,10882,10883,1,0.03333333333333333
4257,10885,10886,1,0.03333333333333333
4307,10595,10597,2,0.06666666666666667
4307,10598,10613,15,0.5
4307,10632,10640,8,0.26666666666666666
4307,10641,10663,22,0.7333333333333333
4307,10669,10670,1,0.03333333333333333
4307,10673,10674,1,0.03333333333333333
4307,10678,10682,4,0.13333333333333333
3966,10630,10632,2,0.06666666666666667
3966,10644,10645,1,0.03333333333333333
3966,10669,10670,1,0.03333333333333333
3966,10697,10698,1,0.03333333333333333
3966,10700,10701,1,0.03333333333333333
3966,10704,10705,1,0.03333333333333333
3966,10719,10721,2,0.06666666666666667
3966,10741,10742,1,0.03333333333333333
3966,10743,10752,9,0.3
3966,10759,10760,1,0.03333333333333333
3966,10762,10763,1,0.03333333333333333
3966,10764,10767,3,0.1
3966,10768,10779,11,0.36666666666666664
3966,10780,10783,3,0.1
4335,10638,10640,2,0.06666666666666667
4334,10640,10642,2,0.06666666666666667
4334,10650,10651,1,0.03333333333333333
4341,10649,10653,4,0.13333333333333333
4365,10716,10717,1,0.03333333333333333
4365,10722,10726,4,0.13333333333333333
4365,10738,10742,4,0.13333333333333333
4376,10771,10772,1,0.03333333333333333
4376,10785,10786,1,0.03333333333333333
4376,10788,10797,9,0.3
4362,10779,10780,1,0.03333333333333333
4362,10782,10783,1,0.03333333333333333
4379,10783,10784,1,0.03333333333333333
4379,10786,10788,2,0.06666666666666667
4379,10796,10797,1,0.03333333333333333
4379,10907,10916,9,0.3
4395,10851,10852,1,0.03333333333333333
4395,10854,10859,5,0.16666666666666666
4395,10868,10870,2,0.06666666666666667
4395,10871,10879,8,0.26666666666666666
4395,10904,10906,2,0.06666666666666667
4395,10912,10913,1,0.03333333333333333
4395,10914,10918,4,0.13333333333333333
4431,10926,10927,1,0.03333333333333333
4431,10937,10938,1,0.03333333333333333
4431,10939,10940,1,0.03333333333333333
4431,10942,10949,7,0.23333333333333334
4431,10950,10951,1,0.03333333333333333
4431,10999,11000,1,0.03333333333333333
4431,11003,11018,15,0.5
4431,11220,11224,4,0.13333333333333333
4435,10939,10940,1,0.03333333333333333
4444,11000,11036,36,1.2
4444,11078,11097,19,0.6333333333333333
4444,11135,11136,1,0.03333333333333333
4444,11166,11167,1,0.03333333333333333
4444,11171,11185,14,0.4666666666666667
4444,11186,11187,1,0.03333333333333333
4444,11188,11189,1,0.03333333333333333
4444,11190,11191,1,0.03333333333333333
4444,11192,11193,1,0.03333333333333333
4444,11194,11200,6,0.2
4444,11202,11237,35,1.1666666666666667
4444,11239,11245,6,0.2
4444,11251,11283,32,1.0666666666666667
4444,11330,11335,5,0.16666666666666666
4459,11029,11047,18,0.6
4459,11048,11052,4,0.13333333333333333
4469,11089,11091,2,0.06666666666666667
4493,11101,11111,10,0.3333333333333333
4472,11120,11121,1,0.03333333333333333
4510,11146,11147,1,0.03333333333333333
4504,11194,11195,1,0.03333333333333333
4546,11272,11284,12,0.4
4546,11290,11299,9,0.3
4546,11300,11305,5,0.16666666666666666
4546,11308,11309,1,0.03333333333333333
4546,11310,11311,1,0.03333333333333333
4546,11312,11313,1,0.03333333333333333
4561,11316,11317,1,0.03333333333333333
4470,11329,11330,1,0.03333333333333333
4564,11342,11344,2,0.06666666666666667
4579,11351,11353,2,0.06666666666666667
4557,11372,11373,1,0.03333333333333333
4557,11378,11384,6,0.2
4557,11385,11396,11,0.36666666666666664
4420,11382,11393,11,0.36666666666666664
4620,11437,11440,3,0.1
4620,11444,11449,5,0.16666666666666666
4630,11442,11445,3,0.1
4630,11448,11449,1,0.03333333333333333
4630,11453,11454,1,0.03333333333333333
4630,11456,11457,1,0.03333333333333333
4630,11459,11466,7,0.23333333333333334
4630,11468,11469,1,0.03333333333333333
4630,11472,11474,2,0.06666666666666667
4630,11477,11505,28,0.9333333333333333
4632,11446,11447,1,0.03333333333333333
4632,11497,11498,1,0.03333333333333333
4632,11501,11507,6,0.2
4632,11508,11513,5,0.16666666666666666
4632,11514,11516,2,0.06666666666666667
4632,11522,11526,4,0.13333333333333333
4632,11530,11562,32,1.0666666666666667
4632,11564,11569,5,0.16666666666666666
4632,11572,11601,29,0.9666666666666667
4632,11643,11644,1,0.03333333333333333
4632,11647,11662,15,0.5
4632,11668,11669,1,0.03333333333333333
4632,11685,11686,1,0.03333333333333333
4632,11688,11689,1,0.03333333333333333
4631,11448,11456,8,0.26666666666666666
4631,11477,11478,1,0.03333333333333333
4631,11492,11493,1,0.03333333333333333
4636,11466,11468,2,0.06666666666666667
4636,11469,11472,3,0.1
4636,11474,11480,6,0.2
4636,11501,11509,8,0.26666666666666666
4636,11513,11517,4,0.13333333333333333
4636,11542,11544,2,0.06666666666666667
4636,11558,11560,2,0.06666666666666667
4614,11482,11486,4,0.13333333333333333
4614,11488,11489,1,0.03333333333333333
4614,11554,11556,2,0.06666666666666667
4614,11557,11561,4,0.13333333333333333
4614,11606,11641,35,1.1666666666666667
4614,11644,11646,2,0.06666666666666667
4642,11493,11496,3,0.1
4649,11492,11496,4,0.13333333333333333
4573,11504,11505,1,0.03333333333333333
4573,11525,11526,1,0.03333333333333333
4667,11502,11506,4,0.13333333333333333
4667,11589,11601,12,0.4
4667,11602,11604,2,0.06666666666666667
4670,11512,11516,4,0.13333333333333333
4670,11517,11520,3,0.1
4671,11516,11517,1,0.03333333333333333
4671,11669,11670,1,0.03333333333333333
4671,11704,11705,1,0.03333333333333333
4671,11706,11710,4,0.13333333333333333
4669,11515,11521,6,0.2
4669,11529,11530,1,0.03333333333333333
4669,11533,11534,1,0.03333333333333333
4669,11542,11544,2,0.06666666666666667
4669,11546,11548,2,0.06666666666666667
4669,11577,11578,1,0.03333333333333333
4672,11528,11529,1,0.03333333333333333
4672,11534,11560,26,0.8666666666666667
4672,11562,11565,3,0.1
4677,11541,11548,7,0.23333333333333334
4677,11560,11561,1,0.03333333333333333
4677,11562,11570,8,0.26666666666666666
4677,11572,11574,2,0.06666666666666667
4694,11556,11558,2,0.06666666666666667
4694,11560,11562,2,0.06666666666666667
4718,11625,11628,3,0.1
4718,11629,11637,8,0.26666666666666666
4718,11638,11641,3,0.1
4718,11642,11645,3,0.1
4718,11646,11652,6,0.2
4718,11653,11657,4,0.13333333333333333
4718,11659,11661,2,0.06666666666666667
4718,11674,11677,3,0.1
4734,11629,11633,4,0.13333333333333333
4734,11634,11638,4,0.13333333333333333
4734,11644,11648,4,0.13333333333333333
4734,11649,11650,1,0.03333333333333333
4734,11652,11654,2,0.06666666666666667
4734,11668,11669,1,0.03333333333333333
4734,11693,11694,1,0.03333333333333333
4588,11646,11648,2,0.06666666666666667
4732,11646,11652,6,0.2
4732,11653,11654,1,0.03333333333333333
4732,11662,11664,2,0.06666666666666667
3812,11705,11706,1,0.03333333333333333
3812,13842,13843,1,0.03333333333333333
4768,11757,11759,2,0.06666666666666667
4737,11794,11795,1,0.03333333333333333
4766,11819,11822,3,0.1
4652,11806,11829,23,0.7666666666666667
4652,12267,12268,1,0.03333333333333333
4652,12283,12284,1,0.03333333333333333
4652,12286,12289,3,0.1
4652,12291,12294,3,0.1
4652,12300,12301,1,0.03333333333333333
4652,12322,12332,10,0.3333333333333333
4652,12343,12344,1,0.03333333333333333
4652,12489,12491,2,0.06666666666666667
4652,12499,12500,1,0.03333333333333333
4652,12501,12565,64,2.1333333333333333
4652,12566,12602,36,1.2
4652,12604,12605,1,0.03333333333333333
4652,12612,12613,1,0.03333333333333333
4652,12631,12632,1,0.03333333333333333
4652,12633,12636,3,0.1
4652,12637,12639,2,0.06666666666666667
4652,12640,12642,2,0.06666666666666667
4652,12644,12655,11,0.36666666666666664
4652,12660,12661,1,0.03333333333333333
4652,12714,12746,32,1.0666666666666667
4652,12809,12812,3,0.1
4652,12813,12814,1,0.03333333333333333
4652,12818,12890,72,2.4
4652,12892,12933,41,1.3666666666666667
4652,12938,12943,5,0.16666666666666666
4652,12973,13030,57,1.9
4652,13032,13034,2,0.06666666666666667
4652,13039,13040,1,0.03333333333333333
4652,13041,13121,80,2.6666666666666665
4652,13123,13145,22,0.7333333333333333
4652,13158,13162,4,0.13333333333333333
4652,13163,13183,20,0.6666666666666666
4652,13264,13293,29,0.9666666666666667
4652,13312,13337,25,0.8333333333333334
4652,13447,13450,3,0.1
4652,13458,13459,1,0.03333333333333333
4652,13464,13470,6,0.2
4652,13474,13476,2,0.06666666666666667
4652,13477,13536,59,1.9666666666666666
4652,13539,13540,1,0.03333333333333333
4652,13545,13546,1,0.03333333333333333
4652,13549,13552,3,0.1
4652,13555,14099,544,18.133333333333333
4652,14102,15018,916,30.533333333333335
4652,15023,15080,57,1.9
4652,15082,15084,2,0.06666666666666667
4652,15085,15087,2,0.06666666666666667
4652,15089,15264,175,5.833333333333333
4652,15265,15267,2,0.06666666666666667
4652,15271,15274,3,0.1
4652,15279,15281,2,0.06666666666666667
4652,15378,15381,3,0.1
4652,15450,15463,13,0.43333333333333335
4652,15519,15523,4,0.13333333333333333
4652,15529,15531,2,0.06666666666666667
4652,15547,15579,32,1.0666666666666667
4652,15580,15605,25,0.8333333333333334
4652,15606,15608,2,0.06666666666666667
4652,15609,15634,25,0.8333333333333334
4652,15638,15649,11,0.36666666666666664
4797,11831,11832,1,0.03333333333333333
4783,11806,11839,33,1.1
4783,11840,11843,3,0.1
4783,11844,11847,3,0.1
4803,11852,11853,1,0.03333333333333333
4803,11855,11859,4,0.13333333333333333
4827,11905,11906,1,0.03333333333333333
4827,11908,11909,1,0.03333333333333333
4827,11927,11933,6,0.2
4827,11935,11937,2,0.06666666666666667
4827,11939,11947,8,0.26666666666666666
4827,11950,11957,7,0.23333333333333334
4827,12027,12028,1,0.03333333333333333
4827,12043,12044,1,0.03333333333333333
4827,12047,12050,3,0.1
4834,11905,11906,1,0.03333333333333333
4834,12919,12926,7,0.23333333333333334
4834,12927,12933,6,0.2
4834,13456,13457,1,0.03333333333333333
4801,11908,11916,8,0.26666666666666666
4801,11918,11920,2,0.06666666666666667
4801,11921,11923,2,0.06666666666666667
4801,11924,11925,1,0.03333333333333333
4801,11928,11932,4,0.13333333333333333
4801,11936,11937,1,0.03333333333333333
4801,11942,11944,2,0.06666666666666667
4801,11947,11952,5,0.16666666666666666
4801,11957,11961,4,0.13333333333333333
4801,11963,11964,1,0.03333333333333333
4801,11965,11966,1,0.03333333333333333
4801,11974,11981,7,0.23333333333333334
4801,11989,12001,12,0.4
4801,12020,12042,22,0.7333333333333333
4801,12043,12045,2,0.06666666666666667
4801,12048,12077,29,0.9666666666666667
4801,12120,12132,12,0.4
4801,12133,12134,1,0.03333333333333333
4801,12141,12162,21,0.7
4801,12173,12174,1,0.03333333333333333
4801,12175,12356,181,6.033333333333333
4801,12357,12358,1,0.03333333333333333
4801,12359,12461,102,3.4
4801,12463,12464,1,0.03333333333333333
4801,12549,12553,4,0.13333333333333333
4842,11940,11941,1,0.03333333333333333
4842,11942,11944,2,0.06666666666666667
4842,11945,11960,15,0.5
4842,11961,11963,2,0.06666666666666667
4830,11937,11947,10,0.3333333333333333
4830,11948,11949,1,0.03333333333333333
4830,11957,11959,2,0.06666666666666667
4754,11947,11949,2,0.06666666666666667
4754,11950,11952,2,0.06666666666666667
4987,12243,12244,1,0.03333333333333333
4987,12279,12280,1,0.03333333333333333
4987,12412,12413,1,0.03333333333333333
5001,12292,12295,3,0.1
5001,12297,12299,2,0.06666666666666667
5001,12301,12302,1,0.03333333333333333
5001,12309,12311,2,0.06666666666666667
5001,12409,12411,2,0.06666666666666667
5001,12412,12416,4,0.13333333333333333
5001,12424,12425,1,0.03333333333333333
4999,12299,12301,2,0.06666666666666667
4893,12363,12364,1,0.03333333333333333
4893,12366,12367,1,0.03333333333333333
4893,12395,12399,4,0.13333333333333333
5019,12388,12389,1,0.03333333333333333
5019,12393,12394,1,0.03333333333333333
5019,12395,12396,1,0.03333333333333333
5019,12399,12401,2,0.06666666666666667
5046,12420,12421,1,0.03333333333333333
5046,12426,12427,1,0.03333333333333333
5046,12428,12429,1,0.03333333333333333
5046,12431,12432,1,0.03333333333333333
5046,12438,12439,1,0.03333333333333333
5046,12440,12441,1,0.03333333333333333
5058,12451,12452,1,0.03333333333333333
5058,12455,12456,1,0.03333333333333333
5058,12462,12463,1,0.03333333333333333
5058,12468,12471,3,0.1
5058,12476,12477,1,0.03333333333333333
5058,12484,12486,2,0.06666666666666667
5057,12452,12453,1,0.03333333333333333
5057,12457,12462,5,0.16666666666666666
5057,12463,12476,13,0.43333333333333335
5057,12477,12484,7,0.23333333333333334
5062,12486,12487,1,0.03333333333333333
5062,12489,12495,6,0.2
5062,12510,12511,1,0.03333333333333333
5062,12515,12516,1,0.03333333333333333
5062,12524,12531,7,0.23333333333333334
5062,12621,12622,1,0.03333333333333333
5062,12624,12625,1,0.03333333333333333
5062,12626,12628,2,0.06666666666666667
5042,12507,12508,1,0.03333333333333333
5066,12493,12515,22,0.7333333333333333
5066,12516,12524,8,0.26666666666666666
5069,12524,12528,4,0.13333333333333333
5069,12532,12533,1,0.03333333333333333
5069,12618,12622,4,0.13333333333333333
5069,12626,12638,12,0.4
5069,12640,12641,1,0.03333333333333333
5071,12528,12530,2,0.06666666666666667
5073,12560,12565,5,0.16666666666666666
5073,12573,12577,4,0.13333333333333333
5073,12578,12580,2,0.06666666666666667
5073,12605,12606,1,0.03333333333333333
5073,12609,12610,1,0.03333333333333333
5073,12612,12614,2,0.06666666666666667
5073,12618,12621,3,0.1
5073,12634,12636,2,0.06666666666666667
5073,12637,12641,4,0.13333333333333333
5047,12624,12625,1,0.03333333333333333
5079,12621,12626,5,0.16666666666666666
5079,12637,12650,13,0.43333333333333335
5079,12652,12653,1,0.03333333333333333
5079,12672,12673,1,0.03333333333333333
5079,12674,12676,2,0.06666666666666667
5079,12677,12682,5,0.16666666666666666
5079,12692,12693,1,0.03333333333333333
5079,12694,12702,8,0.26666666666666666
5079,12705,12706,1,0.03333333333333333
5119,12690,12693,3,0.1
5113,12697,12698,1,0.03333333333333333
5113,12700,12701,1,0.03333333333333333
5113,12702,12705,3,0.1
5125,12725,12726,1,0.03333333333333333
5125,12766,12769,3,0.1
5125,12770,12772,2,0.06666666666666667
5125,12774,12810,36,1.2
5125,12811,12840,29,0.9666666666666667
5125,12842,12843,1,0.03333333333333333
5125,12845,12846,1,0.03333333333333333
5125,12866,12869,3,0.1
5172,12812,12813,1,0.03333333333333333
5172,12827,12830,3,0.1
5172,12863,12866,3,0.1
5158,12825,12826,1,0.03333333333333333
5158,12835,12839,4,0.13333333333333333
5158,12840,12843,3,0.1
5158,12857,12858,1,0.03333333333333333
5158,12861,12889,28,0.9333333333333333
5158,12893,12895,2,0.06666666666666667
5158,12919,12921,2,0.06666666666666667
5158,12930,12932,2,0.06666666666666667
5158,12933,12937,4,0.13333333333333333
5158,12938,12941,3,0.1
5158,12945,12947,2,0.06666666666666667
5158,12950,12953,3,0.1
5158,12955,12957,2,0.06666666666666667
5158,12959,12967,8,0.26666666666666666
5158,12975,12977,2,0.06666666666666667
5158,12986,12987,1,0.03333333333333333
5158,12994,12997,3,0.1
5158,13117,13119,2,0.06666666666666667
5158,13132,13133,1,0.03333333333333333
5220,12921,12922,1,0.03333333333333333
5220,12930,12947,17,0.5666666666666667
5220,12949,12958,9,0.3
5220,12959,12961,2,0.06666666666666667
5220,12962,12963,1,0.03333333333333333
5220,12965,12966,1,0.03333333333333333
5220,12969,12972,3,0.1
5220,12973,12986,13,0.43333333333333335
5220,12989,12990,1,0.03333333333333333
5220,12991,12992,1,0.03333333333333333
5220,12993,12994,1,0.03333333333333333
5260,12957,12958,1,0.03333333333333333
5261,12982,12984,2,0.06666666666666667
5261,12985,12990,5,0.16666666666666666
5261,13045,13046,1,0.03333333333333333
5261,13178,13183,5,0.16666666666666666
5261,13184,13195,11,0.36666666666666664
5261,13203,13208,5,0.16666666666666666
5261,13217,13273,56,1.8666666666666667
5261,13405,13449,44,1.4666666666666666
5261,13534,13537,3,0.1
5261,13630,13721,91,3.033333333333333
5261,13724,13741,17,0.5666666666666667
5261,13742,13745,3,0.1
5261,13747,13749,2,0.06666666666666667
5261,13762,13782,20,0.6666666666666666
5261,13785,13786,1,0.03333333333333333
5285,13049,13052,3,0.1
5265,13109,13110,1,0.03333333333333333
5245,13191,13196,5,0.16666666666666666
5245,13199,13200,1,0.03333333333333333
5317,13222,13224,2,0.06666666666666667
5317,13227,13236,9,0.3
5317,13241,13246,5,0.16666666666666666
5317,13250,13251,1,0.03333333333333333
5342,13254,13255,1,0.03333333333333333
5342,13261,13262,1,0.03333333333333333
5342,13263,13266,3,0.1
5342,13274,13275,1,0.03333333333333333
5342,13276,13278,2,0.06666666666666667
5344,13261,13266,5,0.16666666666666666
5357,13320,13321,1,0.03333333333333333
5360,13337,13338,1,0.03333333333333333
5360,13340,13341,1,0.03333333333333333
5362,13418,13419,1,0.03333333333333333
5362,13430,13436,6,0.2
5358,13363,13441,78,2.6
5358,13442,13445,3,0.1
5358,13456,13457,1,0.03333333333333333
5358,13461,13462,1,0.03333333333333333
5358,13464,13476,12,0.4
5358,13478,13480,2,0.06666666666666667
5399,13482,13483,1,0.03333333333333333
5399,13486,13488,2,0.06666666666666667
5399,13490,13492,2,0.06666666666666667
5399,13493,13517,24,0.8
5399,13521,13524,3,0.1
5399,13525,13528,3,0.1
5399,13531,13536,5,0.16666666666666666
5399,13607,13613,6,0.2
5392,13472,13486,14,0.4666666666666667
5392,13489,13498,9,0.3
5392,13504,13505,1,0.03333333333333333
5403,13500,13501,1,0.03333333333333333
5403,13513,13514,1,0.03333333333333333
5403,13517,13521,4,0.13333333333333333
5403,13524,13525,1,0.03333333333333333
5403,13528,13531,3,0.1
5396,13510,13512,2,0.06666666666666667
5396,13521,13525,4,0.13333333333333333
5396,13528,13529,1,0.03333333333333333
5396,13550,13552,2,0.06666666666666667
5413,13513,13514,1,0.03333333333333333
5413,13519,13530,11,0.36666666666666664
5413,13533,13537,4,0.13333333333333333
5433,13556,13557,1,0.03333333333333333
5432,13558,13560,2,0.06666666666666667
5432,13566,13567,1,0.03333333333333333
5432,13649,13650,1,0.03333333333333333
5432,13673,13674,1,0.03333333333333333
5432,13689,13696,7,0.23333333333333334
5422,13560,13561,1,0.03333333333333333
5421,13561,13565,4,0.13333333333333333
5421,13570,13582,12,0.4
5414,13577,13578,1,0.03333333333333333
5414,13591,13596,5,0.16666666666666666
5376,13602,13603,1,0.03333333333333333
5485,13638,13642,4,0.13333333333333333
5485,14000,14001,1,0.03333333333333333
5498,13662,13665,3,0.1
5498,13666,13667,1,0.03333333333333333
5498,13678,13688,10,0.3333333333333333
5499,13664,13666,2,0.06666666666666667
5499,13809,13816,7,0.23333333333333334
5490,13645,13692,47,1.5666666666666667
5490,13697,13713,16,0.5333333333333333
5490,13716,13717,1,0.03333333333333333
5490,13718,13720,2,0.06666666666666667
5437,13710,13712,2,0.06666666666666667
5437,13713,13714,1,0.03333333333333333
5437,13720,13762,42,1.4
5437,13769,13877,108,3.6
5437,13878,13885,7,0.23333333333333334
5437,13888,13889,1,0.03333333333333333
5437,13893,13894,1,0.03333333333333333
5437,13895,13896,1,0.03333333333333333
5437,13910,13911,1,0.03333333333333333
5437,13914,13917,3,0.1
5437,13918,13919,1,0.03333333333333333
5437,14013,14122,109,3.6333333333333333
5437,14138,14170,32,1.0666666666666667
5437,14172,14174,2,0.06666666666666667
5437,14184,14185,1,0.03333333333333333
5437,14186,14190,4,0.13333333333333333
5437,14193,14198,5,0.16666666666666666
5437,14203,14251,48,1.6
5437,14323,14354,31,1.0333333333333334
5437,14358,14359,1,0.03333333333333333
5437,14374,14382,8,0.26666666666666666
5437,14383,14393,10,0.3333333333333333
5437,14395,14427,32,1.0666666666666667
5437,14428,14434,6,0.2
5437,14436,14437,1,0.03333333333333333
5437,14438,14449,11,0.36666666666666664
5437,14458,14459,1,0.03333333333333333
5437,14463,14479,16,0.5333333333333333
5437,14480,14481,1,0.03333333333333333
5437,14491,14497,6,0.2
5437,14566,14572,6,0.2
5437,14574,14581,7,0.23333333333333334
5437,14582,14590,8,0.26666666666666666
5437,14623,14629,6,0.2
5437,14632,14635,3,0.1
5437,14646,14651,5,0.16666666666666666
5437,14652,14653,1,0.03333333333333333
5437,14672,14673,1,0.03333333333333333
5437,14674,14675,1,0.03333333333333333
5437,14687,14688,1,0.03333333333333333
5437,14743,14744,1,0.03333333333333333
5437,14751,14759,8,0.26666666666666666
5437,14803,14840,37,1.2333333333333334
5437,14915,14927,12,0.4
5437,14929,14931,2,0.06666666666666667
5437,14937,14946,9,0.3
5437,14949,14950,1,0.03333333333333333
5437,14953,14981,28,0.9333333333333333
5437,14982,14988,6,0.2
5437,14993,15037,44,1.4666666666666666
5437,15043,15072,29,0.9666666666666667
5513,13729,13730,1,0.03333333333333333
5513,13732,13733,1,0.03333333333333333
5513,13867,13868,1,0.03333333333333333
5504,13729,13730,1,0.03333333333333333
5504,13733,13736,3,0.1
5504,13777,13786,9,0.3
5504,13788,13789,1,0.03333333333333333
5519,13730,13734,4,0.13333333333333333
5531,13786,13788,2,0.06666666666666667
5540,13823,13837,14,0.4666666666666667
5540,13840,13841,1,0.03333333333333333
5540,13842,13847,5,0.16666666666666666
5540,13850,13851,1,0.03333333333333333
5540,13860,13863,3,0.1
5540,13867,13871,4,0.13333333333333333
5540,13880,13882,2,0.06666666666666667
5540,13887,13888,1,0.03333333333333333
5540,13896,13899,3,0.1
5540,13986,13987,1,0.03333333333333333
5545,13847,13854,7,0.23333333333333334
5545,13857,13866,9,0.3
5545,13932,13935,3,0.1
5545,13936,13938,2,0.06666666666666667
5545,13939,13944,5,0.16666666666666666
5545,13946,13948,2,0.06666666666666667
5545,14006,14007,1,0.03333333333333333
5545,14008,14011,3,0.1
5545,14012,14014,2,0.06666666666666667
5545,14015,14017,2,0.06666666666666667
5545,14020,14022,2,0.06666666666666667
5545,14023,14025,2,0.06666666666666667
5545,14029,14030,1,0.03333333333333333
5545,14032,14034,2,0.06666666666666667
5545,14052,14053,1,0.03333333333333333
5545,14075,14076,1,0.03333333333333333
5545,14080,14082,2,0.06666666666666667
5545,14086,14087,1,0.03333333333333333
5593,13863,13867,4,0.13333333333333333
5593,13871,13880,9,0.3
5520,13881,13882,1,0.03333333333333333
5603,13891,13894,3,0.1
5614,14003,14005,2,0.06666666666666667
5614,14006,14008,2,0.06666666666666667
5661,14008,14012,4,0.13333333333333333
5670,14017,14019,2,0.06666666666666667
5670,14022,14023,1,0.03333333333333333
5670,14046,14063,17,0.5666666666666667
5680,14024,14025,1,0.03333333333333333
5621,14025,14027,2,0.06666666666666667
5621,14039,14040,1,0.03333333333333333
5621,14190,14201,11,0.36666666666666664
5621,14202,14203,1,0.03333333333333333
5657,14042,14047,5,0.16666666666666666
5657,14052,14058,6,0.2
5657,14066,14067,1,0.03333333333333333
5657,14071,14074,3,0.1
5657,14086,14088,2,0.06666666666666667
5707,14065,14066,1,0.03333333333333333
5622,14044,14076,32,1.0666666666666667
5622,14078,14079,1,0.03333333333333333
5622,14080,14082,2,0.06666666666666667
5622,14084,14086,2,0.06666666666666667
5622,14087,14088,1,0.03333333333333333
5622,14089,14094,5,0.16666666666666666
5622,14113,14114,1,0.03333333333333333
5622,14218,14220,2,0.06666666666666667
5734,14090,14091,1,0.03333333333333333
5740,14114,14118,4,0.13333333333333333
5750,14118,14119,1,0.03333333333333333
5750,14283,14285,2,0.06666666666666667
5750,14289,14290,1,0.03333333333333333
5370,14134,14135,1,0.03333333333333333
5756,14151,14153,2,0.06666666666666667
5756,14157,14158,1,0.03333333333333333
5756,14163,14165,2,0.06666666666666667
5756,14234,14235,1,0.03333333333333333
5756,14367,14369,2,0.06666666666666667
5756,14370,14375,5,0.16666666666666666
5746,14150,14155,5,0.16666666666666666
5782,14181,14185,4,0.13333333333333333
5795,14230,14237,7,0.23333333333333334
5795,14239,14243,4,0.13333333333333333
5795,14293,14297,4,0.13333333333333333
5806,14246,14247,1,0.03333333333333333
5806,14375,14377,2,0.06666666666666667
5694,14250,14254,4,0.13333333333333333
5694,14262,14263,1,0.03333333333333333
5694,14264,14266,2,0.06666666666666667
5694,14267,14268,1,0.03333333333333333
5694,14269,14270,1,0.03333333333333333
5694,14271,14278,7,0.23333333333333334
5694,14279,14282,3,0.1
5810,14273,14274,1,0.03333333333333333
5817,14287,14289,2,0.06666666666666667
5803,14288,14294,6,0.2
5803,14424,14425,1,0.03333333333333333
5834,14321,14322,1,0.03333333333333333
5842,14334,14335,1,0.03333333333333333
5842,14346,14348,2,0.06666666666666667
5842,14468,14478,10,0.3333333333333333
5748,14335,14336,1,0.03333333333333333
5748,14339,14340,1,0.03333333333333333
5864,14415,14417,2,0.06666666666666667
5864,14419,14422,3,0.1
5816,14419,14424,5,0.16666666666666666
5816,14435,14436,1,0.03333333333333333
5816,14439,14440,1,0.03333333333333333
5816,14443,14444,1,0.03333333333333333
5816,14544,14545,1,0.03333333333333333
5871,14423,14424,1,0.03333333333333333
5871,14435,14438,3,0.1
5871,14439,14440,1,0.03333333333333333
5871,14457,14458,1,0.03333333333333333
5871,14461,14463,2,0.06666666666666667
5871,14470,14471,1,0.03333333333333333
5906,14458,14461,3,0.1
5906,14463,14469,6,0.2
5887,14447,14468,21,0.7
5908,14478,14479,1,0.03333333333333333
5912,14484,14490,6,0.2
5912,14491,14503,12,0.4
5912,14506,14507,1,0.03333333333333333
5912,14508,14511,3,0.1
5912,14514,14515,1,0.03333333333333333
5912,14530,14531,1,0.03333333333333333
5850,14491,14492,1,0.03333333333333333
5850,14495,14497,2,0.06666666666666667
5850,14500,14501,1,0.03333333333333333
5919,14520,14538,18,0.6
5919,14625,14627,2,0.06666666666666667
5919,14656,14657,1,0.03333333333333333
5919,14661,14669,8,0.26666666666666666
5919,14676,14679,3,0.1
5919,14682,14683,1,0.03333333333333333
5919,14693,14721,28,0.9333333333333333
5919,14723,14764,41,1.3666666666666667
5919,14892,14896,4,0.13333333333333333
5919,14897,14941,44,1.4666666666666666
5937,14580,14586,6,0.2
5937,14587,14591,4,0.13333333333333333
5948,14607,14608,1,0.03333333333333333
5948,14619,14620,1,0.03333333333333333
5948,14621,14622,1,0.03333333333333333
5948,14628,14631,3,0.1
5948,14632,14633,1,0.03333333333333333
5948,14634,14636,2,0.06666666666666667
5965,14643,14644,1,0.03333333333333333
5965,14663,14664,1,0.03333333333333333
5980,14790,14791,1,0.03333333333333333
5983,14797,14807,10,0.3333333333333333
6002,14821,14823,2,0.06666666666666667
5988,14808,14826,18,0.6
6003,14824,14826,2,0.06666666666666667
6012,14833,14835,2,0.06666666666666667
6033,14946,14948,2,0.06666666666666667
6033,14960,14962,2,0.06666666666666667
6033,14964,14966,2,0.06666666666666667
6033,14976,14977,1,0.03333333333333333
6033,14978,14984,6,0.2
6033,15005,15008,3,0.1
6033,15009,15010,1,0.03333333333333333
6033,15026,15027,1,0.03333333333333333
6033,15030,15031,1,0.03333333333333333
6033,15032,15034,2,0.06666666666666667
6033,15035,15036,1,0.03333333333333333
6033,15092,15096,4,0.13333333333333333
6033,15108,15109,1,0.03333333333333333
6033,15120,15121,1,0.03333333333333333
6033,15124,15125,1,0.03333333333333333
6033,15133,15134,1,0.03333333333333333
6033,15144,15145,1,0.03333333333333333
6077,15047,15070,23,0.7666666666666667
6077,15073,15075,2,0.06666666666666667
6041,15097,15098,1,0.03333333333333333
6041,15099,15102,3,0.1
6041,15103,15105,2,0.06666666666666667
6041,15109,15110,1,0.03333333333333333
6116,15130,15131,1,0.03333333333333333
6119,15162,15164,2,0.06666666666666667
6119,15174,15182,8,0.26666666666666666
6059,15069,15179,110,3.6666666666666665
6059,15180,15181,1,0.03333333333333333
6101,15193,15194,1,0.03333333333333333
6101,15195,15223,28,0.9333333333333333
6101,15251,15258,7,0.23333333333333334
6101,15259,15261,2,0.06666666666666667
6101,15262,15263,1,0.03333333333333333
6101,15264,15265,1,0.03333333333333333
6199,15330,15332,2,0.06666666666666667
6199,15337,15338,1,0.03333333333333333
6199,15491,15492,1,0.03333333333333333
6141,15357,15359,2,0.06666666666666667
6198,15356,15372,16,0.5333333333333333
6198,15382,15384,2,0.06666666666666667
6217,15369,15378,9,0.3
6217,15382,15384,2,0.06666666666666667
6217,15402,15403,1,0.03333333333333333
6217,15404,15405,1,0.03333333333333333
6217,15408,15432,24,0.8
6217,15433,15441,8,0.26666666666666666
6217,15442,15736,294,9.8
6217,15739,15740,1,0.03333333333333333
6217,15779,15790,11,0.36666666666666664
6217,15793,15794,1,0.03333333333333333
6217,15796,15797,1,0.03333333333333333
6217,15800,15848,48,1.6
6238,15526,15527,1,0.03333333333333333
6238,15530,15533,3,0.1
6238,15534,15536,2,0.06666666666666667
6240,15528,15530,2,0.06666666666666667
6240,15533,15535,2,0.06666666666666667
6253,15582,15583,1,0.03333333333333333
6253,15585,15589,4,0.13333333333333333
6255,15589,15591,2,0.06666666666666667
6255,15597,15599,2,0.06666666666666667
6255,15623,15624,1,0.03333333333333333
6255,15764,15792,28,0.9333333333333333
6280,15695,15696,1,0.03333333333333333
6280,15699,15704,5,0.16666666666666666
6280,15719,15721,2,0.06666666666666667
6280,15723,15724,1,0.03333333333333333
6295,15765,15767,2,0.06666666666666667
6295,15774,15776,2,0.06666666666666667
6295,15780,15781,1,0.03333333333333333
6295,15818,15820,2,0.06666666666666667
6295,15821,15822,1,0.03333333333333333
6295,15829,15831,2,0.06666666666666667
6299,15818,15820,2,0.06666666666666667
6298,15821,15823,2,0.06666666666666667
6298,15839,15840,1,0.03333333333333333
6298,15841,15843,2,0.06666666666666667
6298,15859,15860,1,0.03333333333333333
6293,15822,15834,12,0.4
6293,15836,15853,17,0.5666666666666667
6293,15855,15872,17,0.5666666666666667
6293,15924,15928,4,0.13333333333333333
6293,15929,15930,1,0.03333333333333333
6293,15935,15939,4,0.13333333333333333
6293,15941,15949,8,0.26666666666666666
6317,15863,15864,1,0.03333333333333333
6317,15962,15965,3,0.1
6301,15885,15886,1,0.03333333333333333
6334,15918,15919,1,0.03333333333333333
6334,15948,15949,1,0.03333333333333333
6334,16098,16100,2,0.06666666666666667
6334,16102,16103,1,0.03333333333333333
6336,15942,15948,6,0.2
6336,15960,15961,1,0.03333333333333333
6336,16131,16132,1,0.03333333333333333
6340,15956,15957,1,0.03333333333333333
6343,15968,15969,1,0.03333333333333333
6343,15970,15973,3,0.1
6343,15974,15977,3,0.1
6343,15983,15988,5,0.16666666666666666
6348,16017,16019,2,0.06666666666666667
6348,16148,16149,1,0.03333333333333333
6358,16024,16027,3,0.1
6358,16082,16084,2,0.06666666666666667
6358,16140,16141,1,0.03333333333333333
6359,16090,16094,4,0.13333333333333333
6359,16106,16108,2,0.06666666666666667
6359,16111,16115,4,0.13333333333333333
6404,16172,16173,1,0.03333333333333333
6404,16199,16204,5,0.16666666666666666
6404,16205,16217,12,0.4
6404,16269,16276,7,0.23333333333333334
6404,16289,16291,2,0.06666666666666667
6404,16338,16351,13,0.43333333333333335
6423,16163,16192,29,0.9666666666666667
6423,16193,16195,2,0.06666666666666667
6423,16207,16208,1,0.03333333333333333
6435,16221,16228,7,0.23333333333333334
6461,16292,16303,11,0.36666666666666664
6461,16308,16319,11,0.36666666666666664
6461,16326,16329,3,0.1
6461,16331,16344,13,0.43333333333333335
6461,16347,16350,3,0.1
6465,16315,16319,4,0.13333333333333333
6465,16326,16331,5,0.16666666666666666
6465,16332,16338,6,0.2
6465,16340,16341,1,0.03333333333333333
6474,16324,16332,8,0.26666666666666666
6474,16336,16341,5,0.16666666666666666
6474,16352,16357,5,0.16666666666666666
6474,16363,16368,5,0.16666666666666666
6474,16369,16370,1,0.03333333333333333
6474,16371,16375,4,0.13333333333333333
6474,16376,16377,1,0.03333333333333333
6506,16498,16501,3,0.1
6506,16516,16521,5,0.16666666666666666
6506,16522,16523,1,0.03333333333333333
6506,16524,16531,7,0.23333333333333334
6506,16533,16538,5,0.16666666666666666
6534,16524,16540,16,0.5333333333333333
6534,16556,16568,12,0.4
6534,16569,16572,3,0.1
6534,16724,16730,6,0.2
6534,16748,16749,1,0.03333333333333333
6534,16807,16826,19,0.6333333333333333
6534,16861,16915,54,1.8
6534,16961,17125,164,5.466666666666667
6534,17127,17129,2,0.06666666666666667
6534,17130,17133,3,0.1
6534,17148,17149,1,0.03333333333333333
6534,17156,17157,1,0.03333333333333333
6534,17190,17191,1,0.03333333333333333
6534,17208,17227,19,0.6333333333333333
6534,17228,17230,2,0.06666666666666667
6534,17233,17244,11,0.36666666666666664
6534,17245,17257,12,0.4
6551,16600,16618,18,0.6
6551,16620,16621,1,0.03333333333333333
6551,16622,16624,2,0.06666666666666667
6551,16626,16627,1,0.03333333333333333
6551,16628,16638,10,0.3333333333333333
6551,16639,16642,3,0.1
6551,16650,16652,2,0.06666666666666667
6551,16654,16655,1,0.03333333333333333
6551,16659,16663,4,0.13333333333333333
6551,16664,16668,4,0.13333333333333333
6551,16671,16672,1,0.03333333333333333
6551,16678,16679,1,0.03333333333333333
6551,16682,16700,18,0.6
6551,16703,16705,2,0.06666666666666667
6551,16707,16711,4,0.13333333333333333
6551,16712,16715,3,0.1
6551,16719,16721,2,0.06666666666666667
6497,16627,16633,6,0.2
6497,16634,16635,1,0.03333333333333333
6581,16709,16710,1,0.03333333333333333
6596,16711,16712,1,0.03333333333333333
6571,16716,16717,1,0.03333333333333333
6571,16718,16721,3,0.1
6571,16722,16726,4,0.13333333333333333
6571,16728,16730,2,0.06666666666666667
6607,16727,16728,1,0.03333333333333333
6637,16882,16885,3,0.1
6643,16907,16912,5,0.16666666666666666
6656,16995,16996,1,0.03333333333333333
6645,16998,16999,1,0.03333333333333333
6645,17056,17057,1,0.03333333333333333
6645,17107,17108,1,0.03333333333333333
6645,17138,17139,1,0.03333333333333333
6687,17109,17110,1,0.03333333333333333
6687,17121,17122,1,0.03333333333333333
6687,17124,17125,1,0.03333333333333333
6687,17202,17203,1,0.03333333333333333
6717,17142,17145,3,0.1
6673,17192,17193,1,0.03333333333333333
6729,17247,17249,2,0.06666666666666667
6729,17279,17281,2,0.06666666666666667
6729,17283,17285,2,0.06666666666666667
6729,17287,17290,3,0.1
6729,17291,17293,2,0.06666666666666667
6729,17297,17299,2,0.06666666666666667
6729,17305,17309,4,0.13333333333333333
6729,17315,17317,2,0.06666666666666667
6729,17324,17326,2,0.06666666666666667
6731,17282,17283,1,0.03333333333333333
6770,17362,17363,1,0.03333333333333333
6770,17365,17378,13,0.43333333333333335
6770,17411,17413,2,0.06666666666666667
6770,17414,17418,4,0.13333333333333333
6792,17378,17391,13,0.43333333333333335
6806,17405,17407,2,0.06666666666666667
6806,17411,17415,4,0.13333333333333333
6806,17417,17418,1,0.03333333333333333
6810,17407,17409,2,0.06666666666666667
6810,17410,17411,1,0.03333333333333333
6810,17413,17414,1,0.03333333333333333
6810,17415,17422,7,0.23333333333333334
6810,17430,17431,1,0.03333333333333333
6810,17435,17436,1,0.03333333333333333
6830,17532,17534,2,0.06666666666666667
6848,17566,17567,1,0.03333333333333333
6848,17587,17589,2,0.06666666666666667
6848,17609,17610,1,0.03333333333333333
6848,17613,17614,1,0.03333333333333333
6848,17619,17622,3,0.1
6848,17624,17626,2,0.06666666666666667
6848,17627,17630,3,0.1
6848,17655,17656,1,0.03333333333333333
6848,17822,17823,1,0.03333333333333333
6899,17672,17673,1,0.03333333333333333
6829,17682,17683,1,0.03333333333333333
6829,17687,17688,1,0.03333333333333333
6873,17696,17697,1,0.03333333333333333
6873,17700,17701,1,0.03333333333333333
6873,17704,17705,1,0.03333333333333333
6918,17697,17700,3,0.1
6918,17701,17704,3,0.1
6918,17705,17706,1,0.03333333333333333
6925,17712,17713,1,0.03333333333333333
6925,17838,17839,1,0.03333333333333333
6925,17841,17850,9,0.3
6935,17767,17771,4,0.13333333333333333
6935,17784,17801,17,0.5666666666666667
6947,17796,17797,1,0.03333333333333333
6901,17764,17803,39,1.3
6950,17801,17808,7,0.23333333333333334
6950,17809,17810,1,0.03333333333333333
6950,17942,17945,3,0.1
6950,17958,17964,6,0.2
6950,17974,17976,2,0.06666666666666667
6950,17988,17993,5,0.16666666666666666
6964,17846,17847,1,0.03333333333333333
6964,17851,17853,2,0.06666666666666667
6964,17856,17857,1,0.03333333333333333
6964,17859,17862,3,0.1
6964,17863,17870,7,0.23333333333333334
6966,17865,17866,1,0.03333333333333333
6919,17871,17876,5,0.16666666666666666
6972,17874,17876,2,0.06666666666666667
6949,17935,17944,9,0.3
6997,17958,17960,2,0.06666666666666667
7004,17993,17994,1,0.03333333333333333
